20.6365
22.039
21.9692
25.8233
21.7114
21.9011
15.6127
10.7185
11.8199
17.301
11.2432
15.8895
16.1723
12.2724
20.0519
6.57736
12.6545
9.40348
4.23868
13.2037
23.7886
12.6259
13.7924
20.8555
19.8281
16.8332
18.7584
17.3852
14.6583
14.9836
12.2586
17.1544
19.3189
15.9417
13.1994
11.9128
16.5532
12.79
21.1265
14.9528
16.6649
13.6556
18.9533
12.8161
16.8458
20.2953
20.7631
13.187
10.8906
14.6231
16.4113
18.9782
15.6268
17.3669
21.6338
13.413
14.3904
16.4093
11.4141
28.9765
14.2241
25.6055
13.5359
16.8429
16.5243
11.1495
9.50146
18.3321
16.4826
16.4093
20.8521
23.6063
14.2774
11.2262
13.5292
16.2192
18.1611
12.1969
9.77134
5.59475
15.9359
22.3765
19.6254
13.082
18.1784
26.0262
12.831
16.6887
9.84408
20.968
22.4097
19.0723
25.7246
17.0025
13.937
18.6431
17.2712
14.3139
20.8301
16.0416
22.601
20.6233
12.6448
21.5909
16.5025
20.7674
9.11645
11.5872
7.40406
19.4689
17.8555
14.3564
16.4482
17.5044
15.9926
15.1375
15.2261
13.1019
11.802
14.8147
14.2037
14.3195
13.7153
13.0422
14.8669
22.016
14.062
12.199
13.3892
10.0148
21.1254
13.8354
19.3105
11.0461
10.985
12.2141
30.8057
18.5991
18.842
22.873
14.7785
15.4969
16.3091
13.1565
19.3576
15.7622
15.6561
16.588
20.2768
15.2738
11.6622
5.81952
11.0928
10.7896
20.9723
19.5271
5.25956
18.089
20.0816
9.95199
13.1536
19.9644
16.2261
17.4468
12.614
19.6926
5.42595
11.8732
17.6176
21.1437
25.3577
14.354
8.34635
23.0282
18.6574
15.4671
10.8237
14.0469
11.7006
13.4851
14.9651
10.9471
11.3534
13.6395
18.4461
17.0478
24.3217
12.5795
14.8019
10.0415
10.9458
29.0755
19.96
18.4126
11.8759
11.068
20.1145
15.0801
17.5444
15.473
13.9112
13.7051
9.97592
17.6573
17.2494
6.37635
18.6194
15.3039
5.72877
9.07884
8.58655
9.98728
13.7938
9.70581
21.1442
16.6077
14.9519
21.43
14.2079
18.6376
8.51263
18.5138
15.6134
5.35852
16.2935
12.993
13.3536
17.7843
13.8626
12.0746
8.95695
16.507
8.49965
12.1772
10.6886
15.4178
16.5093
12.2782
3.44786
16.3793
20.1074
7.62034
13.7414
12.4471
17.1374
16.9414
14.6709
12.0308
10.3793
9.17309
16.4821
6.8484
15.1471
11.6894
12.0878
16.1661
19.7079
13.7921
8.88955
18.1598
23.5667
23.6967
25.5364
15.3373
11.8189
18.3556
14.9826
19.7605
16.4826
8.15139
11.8946
13.2273
6.78435
13.8495
14.1489
8.51977
11.7174
13.144
19.1558
20.5824
