23.0845
25.5079
22.2933
24.0992
22.855
21.3803
22.8242
22.7679
23.2803
22.4003
23.3169
23.1689
20.6436
22.7056
23.6681
20.4478
23.6459
22.5835
22.7729
19.9365
21.7587
21.3738
22.3983
22.0502
22.7829
23.7875
21.2296
22.7655
22.8186
22.2707
22.2255
21.6171
21.167
22.0903
24.0187
23.1488
21.856
22.4078
22.3289
22.7961
21.62
22.844
21.5657
21.2721
22.6078
21.9396
20.9481
23.0985
20.8673
23.1333
22.3069
21.2899
19.6035
23.2059
19.9533
21.9451
21.7495
21.1791
20.4197
18.1619
20.9154
22.3454
21.8503
20.3552
21.5812
21.0838
19.8718
20.8043
21.4539
21.0958
20.3766
19.7875
20.5224
20.2257
20.1751
20.1172
19.2637
20.8557
22.0733
21.6159
20.3717
21.3947
19.0183
18.9695
19.9263
20.5636
19.4239
21.2605
19.7705
19.7992
21.0804
19.6663
21.0562
19.8804
20.6526
18.3442
19.6036
20.2609
18.9591
20.0749
17.8402
19.2352
16.0411
21.0746
20.7352
19.9446
20.1989
22.1259
17.4036
20.9841
20.7099
21.2287
19.4195
20.1163
20.7669
19.6645
21.865
20.2438
19.0584
20.8075
19.9864
19.388
20.3475
19.622
19.16
21.1548
17.9282
20.2135
20.8002
20.81
17.3773
19.0463
19.42
19.026
17.5706
18.5903
17.9291
19.4317
17.8623
18.7615
21.6464
20.801
17.6448
19.4157
20.1131
18.6491
17.1917
18.9321
18.5084
21.488
19.0083
18.4405
19.9712
18.7745
16.2429
21.4508
20.1023
21.3836
18.1174
17.424
21.7941
17.8897
18.5803
19.3007
20.6875
19.4409
19.1906
19.6319
18.5763
18.9797
20.5397
19.3254
19.6148
16.2741
17.0637
19.958
18.7838
18.2102
20.0602
19.2153
21.0172
16.2864
21.1077
19.5216
18.4353
17.2531
19.6875
19.7122
18.0559
18.271
18.1523
19.1586
18.954
18.2029
18.3557
18.6684
20.6901
15.6768
18.7825
18.47
17.3085
19.5502
18.9402
18.8354
18.7152
18.6937
20.3456
19.5676
15.9197
18.6368
17.7203
18.8264
18.9394
19.7907
19.3841
18.9606
18.7521
18.8819
16.8287
18.2457
19.1257
18.4698
17.3087
19.5006
18.174
18.2592
18.8965
17.7626
17.4977
17.9779
19.2045
18.7572
16.4668
19.2271
18.4756
17.0818
16.9588
17.9201
18.1276
17.1611
16.9841
18.3221
17.4817
18.0781
17.4215
17.7245
19.0167
19.1047
18.7711
17.9981
18.9776
18.9189
17.6211
16.1677
17.3196
17.4936
18.913
15.7301
18.3929
16.9889
18.1344
16.4745
17.2922
18.5417
17.6774
19.9827
17.8893
20.664
19.433
19.5566
21.7502
21.5286
18.7889
19.7295
20.5528
20.4803
21.2449
17.8475
17.9357
19.8221
21.7158
20.3755
20.2467
19.182
19.5824
19.7189
19.2823
20.6931
19.5371
19.3082
20.094
18.2027
19.9521
18.2873
20.3454
18.5191
20.5506
18.5892
20.378
19.5191
17.9213
17.9138
18.3605
16.9761
18.3316
20.4342
20.86
19.0381
19.4993
20.6623
19.076
17.7073
18.8796
19.5336
20.1038
19.5366
18.2897
20.5694
16.4499
18.3189
18.6367
19.3455
19.2836
19.4999
18.6774
17.9478
18.9657
18.9493
18.291
19.4139
18.349
17.6476
19.696
18.236
18.2244
18.7029
17.8973
19.3472
18.8226
20.6928
17.6594
17.0857
19.4363
18.6156
18.1747
18.7553
19.4011
18.5803
18.093
19.8747
17.7639
20.4499
18.6317
17.7166
17.2154
18.7556
19.2243
19.5945
19.5013
22.9651
17.8369
17.6261
18.014
18.6584
18.3635
18.0873
19.1557
17.1432
18.9072
17.9729
19.8664
19.3461
18.2894
17.1756
18.8022
17.6425
18.5761
18.935
19.496
19.1234
19.7004
18.7636
18.8443
19.562
20.5634
19.3868
19.9596
18.9431
19.4415
17.0431
17.1441
19.1671
16.5632
18.5221
17.5886
16.7083
19.3289
18.9708
17.7375
18.1704
18.7892
19.2385
16.7501
17.47
19.4226
17.191
20.3678
17.3054
17.6685
16.357
19.023
18.0099
17.6667
18.9082
17.669
19.1483
18.6814
18.6021
18.7939
20.4991
19.0612
17.4083
18.9473
17.3608
18.7618
21.3332
17.4794
17.9233
17.5101
19.9224
17.862
20.4812
19.4359
17.1413
16.4124
18.0385
18.086
16.2323
17.8852
18.4495
19.3176
19.217
19.7667
20.1
16.7993
17.8346
17.8752
17.1837
17.9078
17.8452
17.6062
16.08
18.915
18.5669
16.9754
18.144
17.2236
17.0402
15.7624
19.6706
17.2684
17.8506
19.8733
18.9995
17.1752
18.0023
17.2957
18.7047
18.7891
16.6645
16.6739
16.7132
18.226
17.6426
16.6671
16.6466
18.1929
19.5396
17.1797
17.4063
16.3593
17.3125
18.305
16.8005
17.8883
17.1571
16.322
16.8448
18.2585
16.6713
19.2572
17.0431
17.8194
17.8833
16.8629
15.9688
17.5872
18.5582
16.2402
18.2124
17.3732
17.3674
17.3684
18.7479
17.4124
17.7627
17.3615
18.8054
18.7303
16.0868
16.8495
16.7451
18.1697
16.8608
18.1644
17.6707
19.1086
17.3368
17.7516
17.8208
17.661
18.517
16.4206
18.6869
17.874
15.9199
17.346
17.8991
18.4553
15.9721
18.0042
17.5508
16.6489
17.2785
18.8779
16.5263
17.7014
16.8554
17.7296
17.3276
19.3619
19.0704
15.3427
17.2368
16.7101
15.4512
15.6745
16.8768
18.0794
17.8359
16.9224
16.7157
17.2147
17.3726
16.9248
18.2042
16.7263
18.1802
18.2181
18.2996
15.0703
16.242
17.7231
17.5213
17.4135
16.4812
17.3492
18.1954
17.3545
17.3351
17.8216
17.0096
17.8952
17.2882
16.9484
16.936
17.106
16.6995
18.0866
15.7708
18.7251
17.5036
15.7116
16.6225
18.2991
16.5796
16.0077
16.6217
16.6535
16.9096
17.8595
15.8626
16.4943
15.3725
16.5579
16.3571
17.7315
14.1505
18.0594
14.9737
17.3874
18.589
18.6315
16.078
15.9852
17.4373
17.1728
15.2087
16.5451
18.5577
16.0126
16.8877
18.1902
16.6479
18.1708
17.7488
15.4073
16.4591
17.7691
17.4247
17.1688
17.8532
15.7905
17.5748
18.6605
16.4077
15.8985
15.2915
15.0264
16.4746
14.8925
15.1006
16.804
16.4354
16.4496
16.2537
15.6704
16.7393
14.2883
14.4844
14.8072
17.0024
14.2424
15.1421
15.4707
17.0793
13.1006
16.0459
15.1336
16.0401
15.2711
16.1321
16.0865
17.6643
18.6168
15.5218
17.101
16.6398
14.777
15.9191
14.6903
17.6578
16.2309
15.8699
16.6669
16.529
15.8129
17.7692
16.2693
15.631
17.5908
16.0832
15.8657
15.7222
15.0646
16.6926
18.2834
14.6
15.6628
16.8902
15.821
16.6368
17.1577
16.5922
15.8797
16.8495
14.9201
16.2196
15.7843
16.305
17.2316
17.8013
15.5938
13.6377
16.8564
17.9367
17.1103
15.9074
16.5387
17.2543
17.4872
14.9496
16.0159
16.5559
17.2297
15.982
16.3654
16.3387
16.6888
15.9265
16.6622
16.2975
17.995
17.4211
17.1983
16.5905
15.3737
15.8098
17.1393
15.9599
16.5768
15.5545
17.1709
17.3647
17.1096
16.6887
16.4564
16.6601
13.3447
15.5557
15.8606
15.2078
17.3717
14.2847
15.2688
16.0153
17.794
14.4161
15.8744
17.0396
16.1609
16.2527
15.1799
16.8157
17.1418
16.7005
18.368
16.7199
16.2545
14.9961
16.7319
15.6453
14.4262
14.8813
15.4719
17.8462
16.0069
16.0011
14.0602
15.6082
15.6087
14.9938
15.7297
16.9561
15.792
17.0262
17.5156
15.8847
15.7698
14.6697
17.1443
16.6354
15.1593
15.874
16.5462
15.1011
14.5725
14.8549
17.5163
15.8674
16.1742
16.0619
14.5574
17.2034
15.379
15.5223
16.9459
14.7708
15.8049
16.2674
14.8635
17.1762
16.156
15.1355
16.1008
14.3489
16.4956
16.3053
15.868
15.8147
16.5011
14.4834
14.4974
14.7949
14.6413
15.4494
18.9744
15.6612
14.9834
14.9647
17.6349
15.4488
15.9829
15.5371
14.6738
15.81
17.1404
15.4126
16.6751
15.4898
15.2925
15.5932
14.165
14.3179
15.602
14.1476
15.8029
13.1817
15.8446
15.9006
14.4154
15.3565
16.1248
13.8584
14.5434
14.1473
14.17
14.0593
14.9301
14.0983
15.0999
13.3123
14.3934
15.1729
15.5284
15.7983
13.3553
14.5194
15.4163
17.6051
14.1325
15.6864
15.3709
14.9308
15.7496
15.4401
13.769
12.5193
14.1811
14.2663
14.2623
14.6582
14.3043
14.6275
13.3503
15.3081
16.0268
15.294
15.7365
15.1302
14.297
14.7766
16.12
14.1146
16.6259
15.303
15.0515
15.7039
14.9733
14.8504
14.0905
13.5522
14.7169
16.1787
14.8075
14.2612
14.5887
14.8651
16.0191
13.4869
14.3564
14.2873
15.4441
14.6757
15.1075
15.917
16.2138
14.0392
14.6303
15.8505
15.1966
13.7218
14.4455
15.4801
16.0998
14.5371
14.6933
15.7582
16.028
14.47
13.9176
13.0551
14.9463
16.684
14.0622
15.1912
14.0053
14.5982
15.7182
16.0479
13.9718
14.5477
17.7218
15.775
14.2929
14.0398
14.3017
14.3523
14.534
15.4385
16.4255
13.3125
15.4596
15.5688
14.4195
13.8998
13.1124
13.5252
14.1757
14.5535
14.2652
14.4427
14.6028
16.6124
13.1122
15.7518
14.894
15.0382
13.8867
13.2701
15.4788
14.6233
14.0734
15.4696
14.1117
15.3521
15.5686
16.2005
14.5478
15.231
12.4733
15.2017
15.6349
14.6019
15.3638
15.2896
14.6432
16.3345
15.1526
14.393
14.8273
13.5228
14.7473
14.8181
15.6055
15.8078
16.1965
14.9732
16.0029
14.0829
14.7447
15.1099
15.8732
15.5337
14.1333
12.9198
15.3122
13.9427
13.6615
15.6078
14.6908
12.8316
14.8084
14.3549
14.4039
13.1952
15.0322
12.9589
13.388
15.6686
15.1338
14.5128
13.7118
14.0985
15.8742
14.2606
15.1865
14.9541
15.9121
14.1697
14.1932
14.0759
14.2899
13.6312
15.3878
15.961
12.52
15.0685
15.3056
13.9128
13.9875
13.4958
13.7893
14.0664
14.4999
13.9768
14.013
14.796
14.2931
14.3085
14.839
15.2788
13.7121
14.2549
15.5404
15.2583
12.8618
13.6836
15.619
15.1217
14.4387
14.2895
14.8813
15.899
14.5546
14.8162
13.6793
14.0759
13.0676
14.3465
13.2788
15.2609
12.7592
15.1745
14.6288
15.2367
13.1106
14.1537
15.2267
15.0659
15.008
13.7943
14.962
14.0111
14.5448
14.4829
13.2742
15.0051
14.5425
14.3857
13.1895
12.6309
12.9529
13.8514
12.8324
14.5204
14.6752
13.4635
14.893
14.2069
13.4163
14.3182
14.6571
14.0156
15.2885
12.9893
13.3292
14.5674
14.5216
14.1792
14.0447
15.3859
14.7512
14.6571
13.0362
14.1733
15.4165
13.247
15.0218
14.9459
13.5245
13.4797
13.0059
14.2447
15.7873
16.848
13.8014
14.6013
14.5656
15.6925
14.842
14.8841
14.7679
12.0936
13.253
13.8138
13.4603
12.2983
13.1035
15.0615
13.3351
13.9452
13.1287
14.27
13.7403
14.9892
13.9699
12.7203
13.0655
13.3047
15.3723
13.3991
13.9105
13.8014
15.0099
12.5611
14.0794
14.3568
12.6
12.5708
12.3224
13.859
13.0054
12.8977
13.0547
12.9773
14.1027
14.0722
14.458
13.952
14.3291
12.282
12.9402
12.4757
13.7076
13.5464
13.4634
12.6484
14.8954
13.4093
15.6807
13.5752
13.2875
12.9925
15.4565
13.7456
14.7192
14.0626
12.2104
14.6754
13.1208
14.333
13.8937
13.4706
12.5949
14.9188
12.3693
12.6715
14.1738
14.4932
12.5989
13.0822
13.0463
13.0649
13.7922
15.2755
14.6929
13.0995
12.7708
13.9908
12.9579
13.0215
13.5214
13.0271
12.6816
13.6269
12.848
13.9229
14.1203
13.5989
13.3847
13.7552
14.7007
12.3346
12.5779
15.1661
13.9204
13.0388
14.1341
14.0118
13.788
14.1069
13.2699
12.0784
14.2073
13.241
13.8504
14.2414
13.6023
13.2913
14.1941
13.3455
12.2342
12.8698
12.9879
11.9481
14.0241
12.2299
13.9226
13.3125
12.5069
14.5316
13.4503
15.2644
13.4031
12.8315
12.8617
13.7792
13.5579
10.703
14.2227
13.7853
12.9138
13.7998
12.0717
13.1166
12.6152
13.3993
13.6607
12.13
14.0239
12.8995
12.3836
12.5492
12.6169
13.8343
14.7218
12.9123
12.7146
13.8743
13.1779
13.4667
14.4211
11.6269
12.662
13.5653
13.985
12.9627
14.0264
13.1198
13.2878
13.3236
12.3213
12.3113
12.7942
13.1851
12.8195
14.3352
13.4292
11.6816
13.2735
11.5634
12.5758
12.1945
13.5776
12.6648
14.1933
12.8775
13.119
14.018
12.4703
12.847
12.7557
12.3411
13.1333
12.7168
12.816
13.1489
12.4024
11.1475
10.3767
14.0433
14.4074
13.7997
12.9402
12.2756
12.8118
13.3889
13.2719
13.542
12.8516
12.7982
13.0627
13.1561
12.5847
14.2007
12.4019
12.0881
11.5417
12.5266
12.8936
13.0237
15.3039
13.3774
12.18
13.5991
12.2961
12.1865
14.2519
12.1498
12.8968
12.9967
13.1466
13.0005
14.2239
12.6299
13.7332
11.9758
14.022
13.4665
13.4158
10.8521
11.7411
13.9389
13.0531
14.0921
12.7158
13.1803
13.5089
13.8171
11.673
13.3058
12.445
13.3505
13.0598
12.5919
14.8336
13.2207
12.7939
12.8603
13.1685
12.3112
12.4649
14.4738
11.1439
14.3583
13.548
14.0972
12.5109
12.3234
11.7754
11.8675
13.3788
11.8084
14.6881
13.798
12.523
12.3911
14.5505
14.4555
15.0934
11.6303
11.8891
13.7931
12.7827
12.3135
14.0629
12.8634
12.4392
13.1014
13.2625
14.1003
14.6799
13.7354
12.2265
12.9011
13.2239
13.0499
13.9277
12.8272
12.6749
11.0317
13.7401
12.5643
13.7738
12.9841
14.0072
10.8044
12.0421
12.2021
11.5587
11.7421
13.3998
13.478
12.7236
12.8255
13.1783
12.1088
12.2401
13.9117
14.97
12.9375
11.9479
14.2583
10.7234
13.311
13.4884
12.7348
12.9955
12.2844
12.3765
12.1767
11.8786
11.1451
13.3698
12.2185
12.1551
11.9781
12.6439
13.1841
12.6459
11.8394
14.5304
13.6792
13.8333
12.5338
12.8348
13.6612
13.2285
14.7214
13.744
12.6669
11.9264
13.7226
13.6994
12.9245
11.1276
12.8351
12.2521
12.5931
12.5106
11.4293
11.9018
13.0609
13.6873
12.6292
11.2538
12.9976
12.8395
12.1208
12.7312
13.13
12.3102
12.4528
12.9704
12.0686
12.7952
13.2134
12.9103
12.4354
13.4633
11.7962
13.0204
11.2579
12.1228
13.0122
13.8472
13.0948
11.6154
11.92
12.786
13.3286
11.8581
10.4646
12.274
13.7456
13.8213
11.8626
11.3852
14.8171
13.1558
13.2347
13.3328
12.0668
12.1251
14.4009
11.5887
12.7294
11.841
13.5018
11.7677
12.1952
13.3161
12.7227
11.8934
12.1064
12.7704
14.2377
12.4896
12.0339
13.5519
13.0148
13.4916
11.8383
12.5178
12.3412
12.3457
13.1845
12.9826
13.7922
12.3076
11.9303
13.6555
12.5807
14.1763
13.7326
15.0084
12.8864
13.4786
13.0837
11.9944
11.4076
13.0935
12.8622
12.3384
11.1216
11.4726
12.6864
12.7679
11.3002
13.534
13.7438
12.4152
12.7057
13.8826
12.5821
12.9421
13.2885
12.2174
14.3362
12.2211
12.2974
12.7278
11.5477
12.5227
11.4042
12.3302
11.7455
13.5133
12.2156
12.6657
12.3105
12.1167
12.4072
11.542
13.7675
13.2673
13.4172
12.0916
12.4359
13.2802
11.6223
13.3867
14.2337
14.9213
11.2509
11.5658
11.3815
12.6048
11.5084
12.4323
12.8815
12.4417
11.7294
12.6669
12.8949
11.3975
13.3356
13.3157
12.0208
12.4132
12.6598
13.5448
13.4659
13.6643
12.4005
12.6746
11.4046
11.7998
12.4034
13.5779
13.0061
11.0742
12.2701
13.7628
13.4669
13.0409
12.6812
11.9099
12.7169
11.6472
12.5807
13.9255
13.665
11.5368
12.903
13.0458
11.2203
11.1704
11.6444
11.3804
13.0424
10.5843
13.5206
11.7625
12.2621
12.2878
10.3194
11.5112
11.6217
10.4529
13.2641
12.2748
12.9761
12.6355
13.5502
12.4718
12.3796
11.6033
11.9371
11.4761
12.2317
12.2778
11.3907
12.0309
12.5784
11.5419
11.4029
12.0366
11.2123
11.8176
12.4084
10.7897
11.9569
12.7993
10.6079
12.1314
10.9455
12.0127
12.8238
11.5055
11.1019
11.5153
10.8781
11.0846
12.3688
10.6918
11.6878
11.1885
13.5955
12.16
11.2185
12.0058
10.8229
11.6354
10.6417
11.7749
10.8171
13.2174
13.5973
12.5374
11.0419
13.1283
12.1784
12.3745
12.3401
11.7093
12.6883
13.5631
12.349
12.6755
11.4041
11.2688
11.7326
12.698
11.1987
12.6877
12.2592
11.0928
11.3424
13.3513
12.4651
12.2018
12.0291
11.3197
12.5471
11.2824
13.4257
11.9143
13.0165
12.0416
12.0149
14.0652
12.0516
11.0792
11.0644
11.6638
11.1271
11.5628
11.5679
10.7544
10.5614
12.9762
11.4351
10.5814
12.2493
11.0633
11.968
11.8701
12.1064
13.2568
12.5628
12.0664
12.0256
12.5967
10.9232
10.4238
11.4305
12.3306
12.4651
11.8122
12.4627
11.8988
11.8209
11.6436
12.3413
11.7784
11.4799
16.2368
11.8302
12.4021
12.6036
13.1804
12.5181
11.7511
13.3184
12.3023
13.1676
12.3149
12.5142
12.9959
11.5276
12.2912
11.8279
12.8279
12.3543
12.2134
12.1808
12.5904
10.7058
11.3954
11.7349
10.9725
13.3054
11.5981
10.5587
11.6418
11.4493
11.7953
11.6025
11.6951
12.83
12.4534
11.5431
12.2844
11.6128
12.928
11.6317
11.5424
10.3083
12.5911
12.4051
11.3918
12.213
10.6619
10.7843
10.2134
11.0377
13.3397
10.5363
12.6241
12.8182
10.2502
11.1556
12.0339
11.9517
11.187
12.2901
12.9735
12.3038
12.9591
11.7166
11.6849
11.0472
10.8753
11.0328
11.7116
12.9084
11.807
11.4764
11.969
11.8673
16.0983
11.8315
12.4608
11.3587
11.999
12.3059
10.73
10.2114
13.4317
11.933
11.6652
12.3281
12.5321
11.6983
13.0904
10.9005
11.3916
11.0392
11.331
11.5788
12.7537
11.6477
13.005
12.9897
10.9735
11.6785
10.7703
10.5675
10.9301
11.6263
10.969
11.8825
12.548
11.4835
11.4642
10.931
11.2028
11.9126
11.7534
11.1061
11.7715
11.6695
12.1319
10.8205
11.6583
11.3408
10.7708
10.3585
10.16
10.4255
12.052
10.7876
13.182
11.5679
10.407
11.0442
10.3479
9.28605
10.8333
10.3578
12.1751
10.8751
10.0374
10.6641
9.53248
11.9254
10.4277
10.9287
10.7736
10.2786
10.2124
9.72634
10.2766
10.5423
10.4951
10.2453
9.24257
9.14979
10.3071
10.1788
9.97646
10.8304
9.78811
11.5599
10.4291
10.7962
9.24255
9.72327
9.14484
10.5654
10.7081
11.4163
9.33341
9.40922
10.8656
10.0102
10.6978
9.70693
10.3153
8.90604
9.76907
10.5315
8.67199
10.695
9.97802
10.9739
9.87832
9.91495
10.8881
10.6791
9.20925
11.1989
10.5458
10.6497
10.9209
9.96934
10.793
10.4128
9.81892
9.39964
9.76092
9.17379
9.89838
9.01471
9.53825
9.88716
11.8235
9.95844
9.85063
10.3049
9.56358
7.53822
9.9216
10.174
9.99967
8.55821
9.48148
9.19577
10.21
9.32621
8.43987
9.02417
9.77272
9.21916
10.9327
9.34706
10.7377
9.77198
9.38558
9.6582
11.2405
9.31043
9.36199
8.95061
9.43105
9.89728
9.33537
10.614
9.96824
9.47386
9.67119
8.28388
8.72851
10.352
10.3997
9.50233
10.8638
8.97349
10.1394
9.40689
10.5294
10.9623
11.3984
8.81373
9.38243
9.61423
11.5413
8.65547
9.38771
9.50044
10.4491
9.41285
8.76416
9.48055
9.89122
10.9406
9.4506
8.72267
9.44109
10.2658
10.2512
10.6724
9.37491
10.0785
8.93446
9.22965
10.6884
8.95881
10.4756
9.58265
10.5704
9.83422
8.39393
10.4107
9.67205
9.38073
10.5751
9.76495
9.06355
11.3429
9.93535
9.49247
9.51086
9.65303
8.98198
10.0196
9.321
9.57208
9.43366
10.1009
10.2538
9.18475
8.99948
9.15496
10.7566
9.87121
9.22256
8.42996
9.9635
9.49179
10.5972
10.2535
9.38354
8.80996
10.2325
9.31722
9.46801
9.62051
10.2923
8.98667
11.5503
8.41326
9.86534
9.42491
10.157
8.61724
10.3143
9.54083
8.77442
9.48497
9.83969
10.9478
9.11262
9.6127
9.62354
9.62889
9.25339
9.08326
10.6605
9.8087
9.69773
8.5344
9.77614
9.67809
10.772
10.6463
8.61255
9.10898
9.37204
8.32337
12.8607
12.0137
9.94137
11.7155
10.0529
13.9136
11.1482
10.7838
11.1213
11.6519
11.6733
10.0222
11.7947
11.2562
10.5854
13.8521
11.8811
11.0931
10.7095
9.96173
11.5596
10.4315
11.1242
11.0285
11.2965
10.8185
9.93604
11.863
10.3297
11.2164
10.0653
10.6457
11.2516
11.5892
12.0648
10.172
10.3745
10.4521
9.68259
10.614
10.4382
11.489
10.9714
12.5397
10.6395
11.6156
9.99045
11.801
11.027
10.4544
12.9441
11.4164
10.2344
9.77851
10.6434
11.7354
10.1648
11.6136
9.98566
10.0964
9.92726
10.0886
11.2127
11.314
10.3897
10.394
9.60334
10.3612
10.1017
9.59859
10.9993
10.0228
9.90546
11.8534
11.7726
10.5215
10.7659
11.3128
11.4795
10.7551
11.0475
9.11836
12.4273
8.80246
11.1285
10.1188
12.431
9.71623
10.2741
9.90005
10.5674
11.5024
9.59325
11.5511
17.4402
10.8615
10.9609
10.3317
10.1348
9.89343
10.5729
10.1042
11.7747
10.473
10.4
14.0981
11.4166
9.60996
10.2198
10.6493
10.2272
10.0603
11.2993
10.1301
9.43905
10.724
12.3202
10.5235
10.2393
11.5586
9.98795
11.6841
9.71022
10.9646
11.1485
9.91602
9.81432
11.1538
11.4315
11.2265
10.1078
10.1529
10.9331
10.0992
11.5596
10.8199
9.29015
10.907
10.1301
11.1592
10.0079
11.2672
11.2634
9.29672
9.65542
11.4675
9.89341
11.3075
10.1155
10.9182
12.1897
11.5886
10.4082
12.964
16.7665
10.7663
10.3414
11.6612
11.4554
11.0156
12.7166
10.1203
10.3202
9.87992
11.9499
11.2911
11.3868
10.1671
10.1177
7.90174
8.75016
9.74
11.3453
9.71832
11.1353
13.061
11.5451
12.0806
10.0151
10.1342
10.0219
9.1153
9.55019
10.4281
10.3234
9.65379
9.78617
9.85787
9.67684
10.1299
11.1186
10.7587
10.0137
10.0403
10.1065
9.35702
11.1513
10.2461
12.3841
9.18699
10.3209
10.6024
10.2052
10.9029
10.3489
10.6172
10.2492
11.1352
11.47
9.96464
10.9033
11.1681
10.2015
9.77252
9.96421
9.6104
9.62204
9.62411
9.28042
11.2262
10.2792
10.5935
9.5972
10.5655
9.94511
9.89138
9.98399
12.0204
10.08
9.9315
9.60899
10.2224
9.39028
8.46485
10.5096
9.17619
10.0269
10.1863
10.1804
10.963
10.4334
9.42269
11.4161
10.5711
10.4978
10.9892
9.67465
10.6349
9.69334
10.3005
10.5081
11.7276
9.43299
9.95366
10.6952
11.1561
9.36148
10.1692
10.7334
11.2352
9.56965
10.5905
9.75947
9.24656
10.3039
9.93082
9.15807
10.5939
10.8272
12.3787
9.74832
10.0835
9.92193
10.364
12.9274
11.1094
10.0914
9.22564
10.7036
9.94158
9.24646
9.61263
11.3584
10.0948
10.8112
9.81188
10.2735
10.0544
9.60242
9.78949
10.2924
9.03478
11.2237
9.40592
10.6046
9.24227
10.0932
9.92235
10.7166
10.1319
9.7078
9.65161
10.8351
10.6235
10.0573
10.0489
9.33332
9.97275
10.2188
10.1992
9.94395
11.2118
9.82987
10.7656
9.2215
10.082
9.13172
10.4656
9.65983
10.4695
10.8182
11.1227
9.25903
11.5933
10.8324
9.69908
9.28337
10.6425
10.7532
9.27105
10.3432
9.39896
9.60241
10.5511
9.38948
10.0758
11.1185
9.50949
8.98985
10.6956
11.1698
10.9233
11.0192
10.395
9.99036
9.65854
9.99117
10.748
11.6949
10.5582
9.74084
9.32081
10.7014
10.6244
10.6684
8.71262
10.4979
9.53159
9.93179
11.7079
9.39818
9.73136
9.42093
8.91569
10.5217
8.79403
9.18493
10.2464
11.0769
8.88413
8.90616
9.00067
9.25577
9.10865
8.45793
9.51279
9.03597
8.46883
10.1018
8.22463
9.9618
8.02143
8.78367
8.50972
9.80644
8.17609
9.78403
9.22489
10.8092
9.70535
9.00342
9.09565
10.3718
11.037
8.95894
10.984
10.8278
8.87982
10.6214
10.3711
10.1202
9.64464
9.36104
9.37616
10.1168
10.2891
9.20376
8.96488
8.58879
9.19804
11.5904
9.4352
9.56453
8.7351
11.2509
9.9561
8.97926
9.81967
9.38477
10.1921
9.65948
9.81248
9.23531
9.93297
10.3925
11.95
8.91117
9.39266
9.5073
10.2395
11.1199
9.38317
8.61907
9.95681
10.6115
11.0298
8.79654
10.0902
10.1982
10.6125
9.5005
10.7559
10.0543
11.4367
10.0228
9.12443
8.95086
12.1895
10.1443
10.2336
9.91748
9.20036
9.04133
8.65586
9.49366
8.88092
9.46912
9.35615
9.99436
10.2217
10.4311
9.87702
11.3775
8.80232
9.70953
9.73855
9.16461
11.0523
9.81458
9.48161
9.17194
10.3339
11.4544
9.32246
8.5451
9.10211
11.0213
9.12917
9.64865
11.4447
9.24576
12.5083
10.7458
8.95846
10.1736
10.2588
9.83325
9.46297
9.02878
8.28623
9.7558
8.69587
9.51195
9.87369
8.55598
9.76772
9.14472
9.91474
9.11687
9.18761
10.8821
10.0308
9.78342
9.9846
9.06321
10.1514
9.48166
9.49132
10.9922
9.98284
8.77451
9.61843
9.80255
11.3433
9.81363
11.0721
9.42661
11.3674
8.6295
8.38614
9.4546
9.98156
10.7827
9.79997
8.41418
8.60378
10.3917
9.90187
11.3125
8.47101
10.5568
9.84334
10.3223
9.78756
10.2496
9.3243
9.05014
8.06595
9.60534
9.47233
10.2382
10.1656
9.82939
8.9962
9.89363
11.2098
10.1482
10.111
8.51304
8.09822
9.03897
11.3871
10.226
9.66848
9.33751
8.85525
8.57638
7.81038
9.1542
8.88877
8.52875
9.89276
9.19696
9.77756
10.36
9.72836
8.87818
8.97657
9.35558
8.62571
9.65673
9.17865
10.0894
9.5741
9.40403
8.70354
8.69552
9.32561
9.88561
10.3687
9.94078
8.95337
9.28841
9.21572
9.86513
10.4535
10.3165
10.246
9.29141
10.6012
7.77766
9.00415
8.39367
8.88085
8.11463
8.85773
8.04696
8.34243
8.74004
9.02865
11.0379
9.64168
10.5866
8.85826
9.17606
8.76054
9.29805
9.54376
9.45115
9.44884
7.74566
9.14046
8.23146
9.00754
8.495
8.63882
9.06677
9.11789
9.18194
8.64882
9.12319
9.25983
9.7627
8.90211
9.49719
8.74615
8.86176
10.3233
8.42234
9.28802
9.68299
8.90137
8.28019
9.03238
9.05669
10.7229
7.95105
8.77918
9.0134
8.90025
9.24717
9.75939
8.86449
9.14444
9.17779
7.93834
7.97578
9.59595
10.2128
9.18611
9.44599
9.74148
9.16211
10.1913
9.80931
9.94858
9.49701
11.032
8.90476
9.30113
8.93834
9.33168
9.41527
8.00633
9.59898
8.79609
9.59971
9.44357
9.56834
8.90312
9.74558
7.60653
9.24391
8.08879
8.74133
9.66829
10.0111
9.25682
8.99639
8.87562
9.46094
10.5824
9.73415
8.42497
7.83108
9.13246
9.5551
9.62464
9.11096
9.04546
8.65099
9.57335
9.16582
9.02356
9.11333
8.95878
8.41175
9.30639
8.71526
9.90653
8.71014
9.66259
9.47166
9.75929
9.24104
8.89136
8.36431
8.91377
9.14219
8.96754
8.50416
9.52829
9.64693
10.1567
9.5632
8.94236
9.98049
9.98624
8.71781
8.80553
8.97811
9.25302
8.43472
8.79881
9.92938
8.99586
8.97707
9.90027
9.13382
8.40171
8.8557
8.94492
8.06498
9.14026
9.71828
9.55735
9.52352
8.583
8.46299
9.42872
9.51563
9.53738
9.05289
9.02215
9.05667
9.18114
10.0379
9.63447
10.0083
9.01027
8.66693
9.84061
9.53757
10.4524
9.33834
8.14047
8.6009
9.00608
8.09906
9.68716
7.22736
8.93933
8.94278
10.3294
8.8429
8.70542
9.34296
8.36917
9.32093
9.48253
8.44036
8.04289
9.42086
9.57088
8.20361
9.34503
9.13215
9.04072
9.09947
8.97011
8.40559
8.45178
8.73648
8.16765
9.07094
9.14473
9.72899
8.51592
9.31925
8.98244
9.0836
7.78337
8.84244
9.12942
9.96535
9.26025
8.18447
8.93569
9.03099
8.20689
8.64889
9.20044
8.48869
9.5591
8.48706
8.78816
8.74174
8.16639
9.74676
7.41321
8.53536
8.75908
7.62745
9.0399
7.99072
8.10737
8.45123
9.23955
8.87058
8.27134
8.56857
8.46826
9.20906
9.26533
9.23112
9.61454
9.83019
8.78186
9.66076
7.87427
8.0232
8.06827
9.56377
9.42264
8.80232
8.4234
8.35886
7.41187
9.06404
10.229
9.30239
7.91173
10.6748
8.41992
12.2285
9.68344
9.18024
8.22599
8.62174
7.96981
8.40969
8.65419
6.49898
8.2634
9.0232
7.88075
10.0123
8.42233
7.51817
9.16121
8.15497
8.26413
7.98856
7.8764
7.12005
8.44796
8.17421
8.97539
9.16642
8.74312
7.30744
8.34654
9.55876
8.17473
8.2838
7.51598
9.00592
8.10925
8.7436
8.61157
8.45565
8.15656
8.43552
8.73686
8.77377
8.89618
8.19378
8.52025
8.01606
7.68413
8.0168
8.31026
8.88403
9.26433
8.29955
8.78065
8.95442
7.69901
8.8307
8.75055
8.71716
8.54003
8.93897
7.13859
7.63271
7.49008
8.45471
8.44678
8.76552
7.82625
9.37222
7.67817
8.11354
9.75371
9.61105
7.98366
8.0483
8.95083
8.96703
8.95497
7.74374
8.49179
7.98588
8.7085
8.04404
7.13026
8.20339
8.13124
8.58595
9.46662
8.45698
8.46046
8.71203
7.57005
8.61762
8.65913
9.51923
8.58891
7.67201
8.17039
8.11286
8.85427
7.57407
9.51091
7.54194
8.60886
8.65675
8.13244
7.10569
8.45712
8.58074
7.0775
8.73736
7.80008
8.04599
8.18064
8.65119
7.02361
8.95048
7.2869
7.74509
8.08665
7.22609
8.59126
8.16277
8.5176
8.17854
8.3949
8.79663
7.76266
7.94592
7.38511
7.62296
6.87918
8.08836
8.61619
7.41767
8.44507
7.88244
7.94061
8.99057
8.24746
7.12096
8.70942
7.61113
8.51628
7.05799
8.18348
8.27715
8.0919
9.12749
7.79852
8.91747
8.4804
7.87078
8.98807
8.73293
8.83465
7.38135
7.8789
8.06339
8.50296
8.73495
9.22111
7.60166
8.85538
7.87337
7.63576
8.05878
7.48618
8.08285
8.07296
8.59618
7.83631
6.88398
8.4516
7.72403
8.85219
7.71175
7.74709
8.01079
8.54005
8.28611
7.50768
8.00184
8.01306
8.79449
7.20842
8.79692
8.25362
8.05809
7.15351
7.72549
8.15051
7.39977
6.7488
7.94535
8.7934
9.06498
7.58135
8.54605
7.98786
8.95977
8.37506
9.97052
7.5844
8.02199
7.69969
7.74852
7.51504
8.14619
7.58726
7.19388
6.50338
8.13886
8.23308
7.7412
10.0343
8.04855
7.54079
7.67884
7.90254
9.04132
8.51574
7.82236
7.45367
8.43178
7.04676
8.35685
7.5527
8.51599
7.85828
8.1353
7.28023
8.47792
7.28248
6.9564
8.05148
8.00824
6.73765
7.53117
8.30214
7.78267
7.9317
8.04406
7.90368
8.60489
9.42182
9.27896
7.19235
8.01306
9.0202
8.7729
8.41437
8.06056
8.23698
7.73454
8.29392
8.11035
7.76861
8.39415
9.29281
8.0891
8.11155
7.66218
7.72045
8.73317
8.60056
7.7602
8.89772
8.23977
7.95725
8.49179
8.47839
9.47906
7.92788
6.98187
7.76431
8.94607
8.14247
8.9149
9.09678
8.24887
7.06116
8.92883
8.43763
10.2962
8.91548
8.62235
7.47162
8.72404
8.22937
7.6285
8.84104
8.82758
8.12976
8.58374
8.8923
8.43426
8.53818
8.61872
7.9663
6.78829
8.13491
8.12044
7.78394
7.52881
8.33193
9.28626
7.77329
7.66542
7.88912
8.26137
7.86818
9.24653
8.45269
8.40618
7.84389
7.37559
7.85081
7.60464
8.31758
7.79478
8.27625
7.35062
7.06779
7.57802
7.43042
7.19143
7.41133
8.28937
7.09514
7.56369
8.66829
7.56045
7.39323
8.27014
8.37382
7.58422
7.51241
7.91057
7.43163
8.78581
8.8122
7.65738
8.95497
8.16851
7.87356
8.77444
8.11033
7.70421
7.59584
7.75004
8.48203
8.42228
9.27153
7.38739
8.7168
7.74895
8.67562
8.06224
8.2031
7.6212
7.51448
8.03227
7.73379
8.52669
7.25163
8.15301
8.13942
7.84325
7.55416
7.72924
7.96016
7.85454
7.66291
8.39896
7.83396
8.07436
7.34915
6.75859
8.08961
7.81552
7.25825
7.62406
8.15902
8.3957
8.01486
6.55329
7.61486
9.15504
8.09615
7.75914
7.36296
8.5105
7.62241
8.97135
8.36284
9.04624
7.91839
8.94208
7.11682
7.49217
7.36117
7.98319
8.91251
6.72596
8.53929
7.56884
7.38809
7.91209
8.76115
7.43387
7.77385
8.08579
8.30757
7.83176
9.54731
7.2368
7.64568
7.23668
7.961
7.11823
8.48671
7.50121
7.40255
8.00864
8.82277
8.71543
7.67218
7.76022
9.46239
7.9037
9.19255
7.203
7.23102
7.16509
7.53384
7.79309
8.16905
8.04896
7.37642
6.72136
8.0604
7.37014
9.28853
9.656
8.80707
6.81909
7.99271
8.90254
7.1354
8.20888
7.50753
10.1213
6.92161
8.4184
7.90002
8.08543
6.92745
7.78894
8.40709
7.87084
7.07684
8.01349
8.16047
7.99866
7.28863
7.95217
7.49582
7.66889
7.68991
7.00406
7.82864
7.00198
7.83755
9.5072
8.31727
9.8875
9.26236
8.05577
7.11869
6.51301
8.55292
7.56235
7.59045
7.7548
8.10149
7.32634
7.63056
7.00894
7.56496
8.0527
7.86946
8.81789
9.12866
8.39592
8.3167
8.79602
8.27916
7.75283
8.61538
7.09608
6.93933
7.88517
8.59634
7.6346
6.99205
7.38699
7.43413
8.91253
8.02056
8.16432
8.27878
8.60065
7.29398
8.71897
8.07731
8.20073
7.9878
7.83006
7.43399
7.28514
7.88411
6.76534
7.46817
6.8026
7.35039
7.57597
7.23839
6.96084
6.76308
7.61725
7.13442
6.99736
7.37518
7.49532
7.29788
7.47643
7.51778
7.30281
7.84027
7.10147
7.3918
7.31017
7.5772
7.85207
7.77369
7.19126
6.68981
7.77118
8.08626
8.0305
7.37416
6.96392
7.46941
7.81571
7.08799
6.91404
7.42587
7.75363
7.17537
6.92576
7.60648
7.33839
7.71638
6.44845
7.20911
6.59057
6.6113
6.8885
7.30478
7.98617
6.79954
8.88456
6.77586
6.51827
6.31428
6.04853
6.70011
7.29905
7.9835
8.17069
7.3528
8.55742
7.55307
7.89366
7.77849
7.18321
7.48572
7.35168
7.67037
7.81685
8.20046
7.06562
7.97339
6.56592
7.80012
7.69334
7.52464
7.55987
8.83816
8.20688
7.31502
7.84221
7.98874
8.14122
7.46491
7.59078
7.28353
7.48194
8.22583
7.17807
7.59699
8.00303
7.02968
6.66383
8.66264
7.57861
7.56789
8.58388
7.31668
8.18742
6.87517
7.02709
7.85582
7.83393
7.75892
6.25558
6.45453
7.82382
7.38264
6.86583
7.29715
7.29388
8.80785
8.71342
7.26366
7.18908
8.01082
7.24027
7.11866
7.85544
7.52218
7.66138
7.57178
7.78785
7.78007
8.26866
7.89168
8.02023
6.98321
9.61812
8.74073
8.90888
7.72201
7.51855
7.91366
8.3572
7.10797
7.16913
8.22812
8.23222
7.21935
7.28311
7.19218
7.45179
6.70338
7.60782
7.57443
7.4522
6.91304
7.34086
7.59808
7.52893
6.87885
6.51773
7.24937
8.00646
6.02186
8.25283
6.8242
6.69114
8.01809
8.69656
7.31297
8.53596
6.92365
6.80547
8.12351
7.31386
8.3701
7.0897
6.72911
6.84563
7.92171
7.06793
5.85854
8.43575
6.30967
7.56788
6.72107
6.79636
7.64948
6.21092
7.37842
8.71991
7.73298
7.08132
7.37686
7.41368
6.66548
7.84805
7.26712
7.42799
7.61208
7.83842
6.78336
6.13141
6.95519
7.32745
6.91374
7.80864
7.82262
6.9148
7.37764
7.85071
11.2304
7.89081
7.68276
6.87996
8.12689
8.0534
6.55894
7.21651
7.53487
7.45986
7.09925
6.08274
7.83741
7.52467
7.65318
7.61945
6.66228
7.43758
7.45333
7.92082
7.12786
7.25225
7.24646
7.121
7.82683
7.23806
6.12524
6.87162
7.89669
9.316
7.7901
7.31977
6.49741
7.61661
7.57303
7.6989
6.8131
6.8003
6.77328
8.86495
7.60689
6.70399
7.58304
6.85185
7.27363
6.80222
6.66752
6.93461
7.92376
8.37704
7.08378
6.72908
7.18145
7.56354
7.84137
6.60189
7.26877
7.13195
7.51896
7.68502
7.09542
6.80262
7.06058
8.4026
10.2768
7.76865
8.38113
7.8675
7.85798
7.1283
12.75
7.22552
7.54222
6.37219
6.56129
6.37357
6.61836
6.43087
7.51403
6.49802
6.52738
7.17781
6.28756
6.5015
6.52571
7.06002
7.42147
6.77137
6.16231
7.41976
7.19005
7.09692
7.22941
7.4461
6.98043
7.23111
7.10391
6.58432
6.18998
7.03117
6.25854
6.29778
6.43364
7.22558
6.01857
7.61885
6.24735
6.23452
6.74103
5.53313
6.53648
5.56838
6.23421
7.08612
7.29835
5.57803
6.38255
7.10434
6.76431
5.37271
6.38114
6.94029
6.21932
6.6146
7.73377
8.86625
7.9887
7.32198
7.23658
7.0502
7.22649
6.58683
7.61873
7.11654
7.56421
7.25322
7.67545
6.93958
7.30158
6.61932
6.3756
7.34178
7.15211
6.07719
6.68756
6.46789
6.49904
6.2732
5.86995
6.53686
6.18039
6.18273
6.09471
6.26472
7.54139
7.46699
6.64804
7.76707
6.63172
7.21483
8.75549
7.09414
6.36825
6.61696
6.9827
8.02282
7.15435
8.80406
6.5573
7.47846
7.54652
7.20468
7.19487
7.23958
6.3877
6.84504
6.41656
7.50198
6.26679
5.98219
7.31246
7.2875
6.71847
6.96687
6.9217
7.12896
6.37212
8.01595
5.33274
6.6067
7.31908
7.31045
7.52809
6.12008
6.1139
7.37206
8.52812
7.24237
6.24144
5.6777
6.32646
7.01181
5.83493
6.14786
7.26361
6.56237
6.70313
6.13437
7.36862
6.77299
7.22251
6.33718
7.16589
6.36948
6.23586
7.09599
6.35869
7.51898
7.24922
6.40681
7.60297
7.50414
6.93329
7.89939
6.31728
7.31899
6.83963
6.76183
6.98651
6.83533
6.27688
6.94228
5.82986
6.87074
6.38937
5.88721
6.80917
6.50423
9.64878
6.57384
5.67651
7.43127
6.6909
8.04897
6.86098
7.2756
5.86005
6.64901
8.57672
6.20683
7.78427
5.71363
6.64132
6.34767
8.38215
7.05013
5.88587
6.68523
6.91629
7.65838
7.3246
7.16173
6.89502
6.83478
7.14269
6.84758
6.36124
6.29843
7.05416
8.5319
7.45963
7.05891
6.83847
6.40157
7.10794
6.28045
6.71386
7.10753
7.09593
7.20335
7.13578
6.2964
6.41731
6.69358
6.9243
7.64136
7.31297
6.54754
6.6554
5.49411
6.76096
7.31247
6.36941
7.7004
6.70325
7.53103
6.88468
6.65855
6.88987
6.73904
7.29901
6.80624
7.16249
6.14634
6.13059
6.5614
7.02081
7.31179
6.9432
6.49053
6.70665
6.15374
6.44473
6.86122
7.9661
6.83202
6.15801
7.06557
5.60683
6.70722
6.6774
6.68641
6.75643
6.5778
6.42252
7.15288
7.0363
6.0671
5.88423
7.01441
5.68502
6.31363
6.79957
6.75283
5.94905
6.89196
6.0598
7.32975
6.45169
6.16016
6.41053
6.69549
6.94262
7.30471
6.05855
6.65675
6.80661
6.01866
7.26357
8.33489
6.65959
6.30667
7.18096
5.81593
6.72353
6.20992
7.00545
5.81682
6.43903
6.446
6.50237
7.15997
6.92926
6.09947
7.14017
6.56045
7.61015
6.84662
6.53144
6.80271
7.14818
6.43136
6.6159
6.21756
7.04977
6.41494
6.76035
6.27293
6.52525
5.58755
6.58624
6.48146
6.19899
6.25215
6.74803
5.67093
6.35253
5.67138
5.94617
6.03288
6.18546
6.98253
7.00349
6.03544
5.94817
6.50086
5.69997
6.73756
6.49776
6.58171
6.61565
5.41494
6.98023
7.15157
6.13812
6.77423
5.96167
5.91352
6.44007
6.17161
6.20906
6.05622
7.1178
6.29343
6.78828
6.5319
6.4283
6.24598
7.82403
6.13582
6.1964
6.93477
6.1209
6.58058
6.01534
6.14495
7.08151
6.6468
7.31851
6.90954
6.3527
5.87055
6.20297
6.09049
7.16611
6.44223
5.77537
6.27794
6.32107
6.42879
6.69036
6.73728
6.16284
6.93499
6.16739
6.27094
6.06919
6.29775
6.43427
6.29801
6.17965
5.68007
5.76921
6.31486
6.02413
6.80802
6.78821
5.54292
5.78814
5.81799
6.76693
6.08434
6.34438
7.08993
7.06747
7.56074
6.62196
6.80964
6.50581
5.9481
7.25848
5.69357
6.23841
6.04367
5.84739
6.06706
6.02281
5.86774
6.57163
6.69573
4.84077
6.67372
6.64772
6.20285
6.10447
6.0564
6.00043
6.01904
8.03505
6.08994
5.97564
6.3286
6.35407
6.04434
6.32264
7.03644
6.4326
6.11664
6.51263
5.33657
8.67326
6.44069
6.71963
5.51192
6.167
6.39204
7.06705
7.2389
6.72853
5.90371
6.03342
6.13569
5.8045
6.98849
6.83393
6.46742
6.04245
6.57332
6.2218
6.63962
7.85303
6.66206
6.71638
6.44285
5.59159
7.34119
6.45207
5.64372
7.22844
5.51506
5.51596
5.5081
5.50017
6.08111
6.78092
5.88056
5.75151
6.51793
6.49947
5.99506
7.00999
5.87987
5.59871
6.16647
6.29712
5.8529
5.69154
6.50026
6.47301
6.13273
6.08402
5.9363
5.73251
5.69557
6.73901
6.28807
7.31067
5.63711
6.75173
7.28995
6.37782
6.6908
5.93545
6.53408
6.48688
5.50475
5.71885
5.99855
6.86512
6.0987
6.31135
6.10063
5.80733
6.69979
6.57926
6.18955
5.8334
6.40293
5.8187
6.5282
5.67249
6.43217
6.80258
6.60062
5.61038
7.23107
6.26965
5.50953
6.7892
5.27732
6.38764
5.88037
5.82395
7.16252
5.54798
5.49985
7.09731
6.59925
8.28973
5.98781
5.72637
6.23821
6.45939
6.11491
6.16662
6.345
6.17794
5.42141
5.51704
5.39999
5.41976
5.43123
6.15379
6.27367
6.5443
5.97627
6.37689
6.58773
6.88607
7.03375
6.10434
6.20353
6.15318
5.70054
5.46137
5.7435
5.43915
6.2034
5.95992
6.302
4.85204
5.4059
6.15503
5.92677
5.4051
5.64978
5.72978
5.81358
6.22229
6.55211
6.2469
4.61309
6.14599
6.02574
5.42185
5.89613
5.22076
5.73658
6.74429
5.498
4.94431
5.46853
6.50016
5.74598
5.25054
5.39368
5.5492
4.60911
5.7934
6.33066
5.47717
5.7835
5.41938
6.08933
5.47409
5.05763
5.96355
5.56785
5.71573
5.68682
5.48805
5.61567
5.61761
5.84118
5.58487
6.19776
6.31816
5.89472
5.8349
5.49824
5.9158
5.90366
6.13594
6.11301
5.82823
6.11273
5.55296
6.18635
5.92868
5.78973
5.75089
5.761
5.69179
6.14286
6.09026
6.01699
5.30071
5.42984
5.23213
6.25281
5.46501
5.22731
5.44829
5.44641
5.40351
5.18544
6.6833
7.11108
5.79408
5.95121
5.74808
6.77417
7.20334
7.00574
5.58215
5.51758
6.34519
5.94411
5.66381
5.21441
5.57928
6.07514
5.81314
6.05203
6.12276
5.46631
6.94521
6.94667
7.38259
5.4183
5.99416
5.90062
5.43581
4.75411
5.93194
6.0457
6.17182
5.51271
6.16152
6.36078
5.47009
6.67482
5.25567
5.65186
5.95089
5.74393
6.2161
6.41903
6.7655
6.14802
6.21053
5.44481
5.63854
6.392
6.3525
4.89455
6.22808
6.82066
5.48641
5.71474
5.87784
6.65347
5.39925
5.49791
5.28864
5.60251
5.73131
5.93293
6.15141
5.92328
6.03629
5.91199
5.61518
5.80165
5.74685
5.53994
6.70744
5.76235
5.99239
5.57642
6.61689
6.50782
5.3755
5.94661
6.10218
5.80129
4.89494
5.6576
6.00648
6.21316
5.79315
5.20157
5.63437
5.2523
5.58356
4.80938
5.93133
5.24676
6.2686
5.46173
5.68318
5.86709
5.68109
6.12629
5.62577
5.46854
6.41792
5.60539
5.46787
5.26529
5.82161
4.97122
5.83003
5.68918
4.76746
6.05229
5.1838
6.63092
5.44756
6.24649
5.57656
5.95612
5.4741
6.22859
8.06071
5.3606
5.06352
5.09273
5.08697
5.97562
5.30589
6.63392
5.81627
6.32916
5.95688
6.25216
7.06175
5.12679
5.89866
5.56008
4.95049
5.0294
5.80597
5.12279
5.49339
5.51158
5.41317
5.91606
5.90417
5.8331
5.80083
5.52501
4.7031
5.38881
4.85805
6.11928
5.64158
4.9489
5.16195
4.9501
4.75785
5.14484
5.49516
5.94068
5.2526
6.0889
5.34542
5.37359
5.69643
5.46404
5.43583
5.70288
5.39452
6.29583
5.71033
5.91728
5.43936
6.56548
5.486
4.95082
5.59709
5.78438
6.00578
6.03807
6.00932
5.50926
5.98219
5.87784
6.0226
5.26851
6.15307
7.49375
6.22071
5.82216
5.52635
5.65141
6.19893
5.82722
5.5282
5.34716
5.4822
6.22201
7.18941
5.23914
5.64825
6.39931
5.97517
5.91858
5.73624
4.86508
6.38108
7.24418
5.93706
5.7253
5.51921
5.85075
6.23467
5.0847
6.09135
6.25294
5.33159
5.77733
5.62799
5.52858
5.48572
5.60591
5.84245
5.53986
5.77301
6.01236
5.13655
5.62586
6.98206
6.2733
6.28113
6.12982
5.0387
5.46536
6.14911
5.87392
6.00441
5.18046
5.40183
6.08611
4.81789
4.85083
4.98605
5.41881
5.50759
5.50293
5.90208
5.68285
5.73
5.82408
5.25601
5.33376
5.12417
5.10947
5.24137
5.65042
5.43254
5.43678
5.38785
5.91716
5.19079
4.94681
5.5793
5.54702
5.33575
6.06057
5.81746
5.04313
6.12137
5.25714
5.05206
4.92851
5.35358
5.47227
5.58634
5.16646
6.12245
4.91936
4.48452
5.24682
6.2017
4.98499
5.40702
5.55114
5.87064
4.74213
5.29262
5.94289
5.98682
5.44658
5.45143
4.89598
4.9994
5.37106
5.3862
6.10051
4.94313
5.28328
5.94418
4.9278
5.27568
5.81322
5.51313
6.20025
6.24241
4.90126
5.74861
4.56788
5.85788
5.5723
4.59647
5.94958
4.95322
5.62063
6.08496
6.23964
5.29707
5.33989
5.97898
5.35623
12.1406
5.91228
5.92055
5.41317
5.61815
6.09933
4.72435
5.78145
5.10312
6.28417
7.58634
6.09013
6.39548
5.79507
6.09483
5.31629
5.51269
6.44291
8.86045
7.64646
7.50867
7.86557
6.04181
8.26433
5.18027
5.25489
5.31112
5.76109
6.8318
5.49623
5.00612
5.65808
5.40535
4.82581
4.79057
4.79075
4.31797
5.46407
5.67133
5.19921
5.31599
4.95847
5.61642
5.0631
5.1872
5.38217
5.08253
5.6727
4.67127
5.15914
5.1324
5.24732
5.63871
5.65145
5.49246
6.24089
5.16506
5.33064
5.62091
4.58697
4.44301
4.95438
4.8438
4.94113
5.88938
4.92029
5.43702
4.90241
4.58613
4.57555
5.31107
4.12173
5.6602
5.44402
4.84951
5.82387
5.17877
4.11542
5.13377
5.60407
4.606
5.54645
5.4866
4.68036
4.81873
5.39907
4.43701
5.17617
4.37891
4.93416
5.36209
4.91981
4.16364
5.48419
5.30448
5.02348
5.03325
5.27792
4.80754
5.31893
4.7139
5.17243
4.73414
5.21888
4.61789
4.82324
4.9712
5.2624
5.25329
5.61942
5.09336
5.09488
5.55804
4.96538
5.29342
5.30497
4.7195
5.42733
5.01428
4.63839
5.919
5.15933
5.33194
5.14678
5.15499
5.5194
5.15357
4.45862
5.14628
5.33005
4.6815
5.21688
4.74372
5.5325
5.29883
4.56602
4.84448
4.83897
4.97021
5.07648
4.19605
5.15975
4.39305
5.07678
4.62964
5.00898
4.44351
4.5369
4.70018
4.98099
5.2486
3.86774
4.85612
4.65284
5.64057
4.68975
6.04361
4.98827
5.31186
4.398
4.97207
5.19256
5.18537
5.50211
4.63068
4.83099
4.28377
4.938
4.59987
4.58661
5.13606
4.87378
4.55854
5.0784
4.91557
4.5697
5.41754
5.35693
4.79828
4.92856
5.25451
5.10614
5.39242
4.74565
4.56226
4.90078
4.70226
6.41948
4.61975
4.80974
5.44932
5.14385
5.43553
5.31611
5.46368
5.3911
5.65809
4.2989
4.57877
4.86137
4.74931
5.45087
5.06001
5.62402
5.06535
5.54616
5.39271
5.30861
5.38842
5.08572
5.22811
5.34006
5.4212
5.66645
4.71357
4.22151
5.27956
4.32878
4.91302
5.1206
4.77532
5.31896
4.44253
5.57371
5.43698
6.52403
4.52122
5.33205
5.65798
5.74197
5.16954
5.79258
4.78301
5.11686
5.0799
5.56484
5.2364
5.68279
5.71267
5.65905
5.33576
5.14731
4.83683
5.19607
5.16524
5.62632
5.88316
6.86169
5.1102
4.75231
5.1204
4.86401
4.85311
4.48616
4.75181
5.3926
5.49999
5.18493
5.22879
5.21825
5.04321
4.16879
5.34587
4.34974
5.48359
5.34382
5.5505
4.95217
5.74104
5.41538
4.72877
5.80002
5.53845
5.55862
5.24502
4.57143
4.66985
5.37809
5.2301
5.01561
5.10486
5.10017
5.35782
4.82473
4.6449
4.54448
4.5047
5.15823
4.65474
4.63639
5.17957
4.41922
5.26886
5.87535
4.66867
4.74848
4.72154
4.98027
5.23162
5.03311
5.36227
5.18553
4.27364
5.04787
4.9137
5.10666
4.45393
4.12041
5.05586
5.27004
5.63382
4.90101
4.98409
5.14049
5.46866
5.0491
4.47536
5.61535
4.74775
4.38541
5.08882
4.69601
5.39196
5.71979
4.7795
4.73066
4.73223
5.16021
5.33776
4.79539
4.281
6.14323
4.89869
4.94929
4.85819
5.03965
5.46935
4.83467
5.04608
5.0212
4.89192
4.82079
5.57421
5.1062
4.91634
4.49525
4.45135
4.871
4.83257
5.08761
5.01526
4.59587
4.77453
5.56023
4.20707
4.59816
5.10571
5.45327
4.7902
5.01739
4.59369
4.84056
5.69125
4.98414
5.01591
4.87808
4.66122
4.97264
5.36519
4.61335
5.38927
5.03681
4.89874
4.3232
4.42698
4.19889
4.72814
4.52021
4.71242
4.73288
5.11842
5.00038
4.6947
4.55793
4.37707
4.69349
4.66997
4.95852
4.67788
5.08231
4.62386
4.72717
4.78065
4.63482
4.68456
4.88
4.31577
5.28725
5.69695
4.35637
5.31739
4.59462
6.21487
5.02346
4.61614
3.71875
4.84751
4.6885
4.4379
5.53476
5.08463
5.30851
4.34833
5.04794
4.07119
5.00187
4.46747
4.42363
4.35287
5.21477
4.79162
4.62027
5.14636
4.20347
7.12711
6.65659
4.93847
5.1305
4.53285
4.86083
5.38845
5.35154
4.20564
5.54157
4.21527
4.17867
4.04693
4.69223
5.0674
4.52029
4.55424
4.83886
4.9978
4.60366
4.78118
5.25649
4.27928
5.01034
4.12949
4.41419
5.0035
4.6595
4.73768
5.66014
4.58427
4.32005
4.5368
3.87888
4.40373
4.59507
4.46768
5.0535
4.85692
4.49024
5.76385
4.36496
4.71678
4.86678
4.83984
5.30564
3.57476
4.82008
3.87356
3.89265
4.41764
4.4724
5.19666
4.32506
5.01327
4.99771
4.55379
4.72574
4.71328
4.45161
4.60353
4.3122
4.54141
6.21108
5.05568
5.33056
4.71654
4.60472
5.10276
4.85943
5.1286
4.50277
4.64411
5.14356
5.80338
4.79737
4.82087
5.52585
4.51795
4.16945
4.82631
4.77804
4.80834
4.83415
4.44071
3.90972
5.39464
4.84679
4.89029
4.31843
4.81497
5.08193
5.31999
4.43414
4.19062
4.8999
4.68147
5.32075
4.59131
4.86554
4.60078
4.74736
4.89411
4.52899
4.90361
3.86791
4.75426
4.75194
5.10791
5.10191
4.625
4.63458
5.03196
5.27475
4.89831
4.97706
4.81303
4.80166
3.58309
4.2247
4.85813
4.06484
4.94621
4.75278
4.68457
4.28794
5.11921
4.56751
5.08363
5.24199
4.52953
4.42202
4.53563
4.49599
4.48056
3.85239
5.25957
4.85021
3.84811
5.1033
4.60012
4.79351
5.19262
4.68118
4.32348
4.66308
5.11443
4.74716
4.71031
5.54745
4.24814
4.47107
4.60455
4.39252
4.53361
4.42472
4.34324
4.93494
5.58477
4.89617
4.82418
4.69802
4.02583
4.98669
4.72762
4.27023
5.14161
4.65125
4.75995
4.21818
4.48193
4.42728
4.89179
4.58257
4.54354
4.30024
4.77093
4.80009
4.11479
4.3808
4.67698
4.29986
4.75459
4.91253
4.85914
4.61865
4.87551
4.39145
4.60221
4.17101
4.62103
4.18825
4.04116
4.47314
4.62167
5.07402
4.37044
4.46761
4.36051
5.05369
4.84501
4.48624
4.51539
4.89357
5.51614
4.10384
4.3339
4.96675
4.53284
4.22733
4.83295
5.39644
4.73384
4.19141
4.21103
5.317
7.08742
6.21889
6.04911
7.23911
4.83381
6.56833
5.97681
4.358
4.65224
4.23346
4.52954
5.78813
4.55908
4.68088
3.73412
4.88308
5.06661
4.97842
4.58492
5.13229
4.55233
4.28997
4.6438
4.636
4.43586
5.20752
5.14363
5.16569
4.26657
5.00413
4.88727
5.35688
4.73673
4.59631
5.44392
5.19631
7.15483
4.73872
6.1075
5.1933
5.25591
4.8237
5.19219
4.54322
4.71842
5.18198
4.37225
5.17754
5.41858
4.48909
5.09268
4.43485
5.24123
6.19157
4.63095
4.33198
4.645
4.78702
5.37212
4.84494
4.31393
4.91059
4.80108
4.77003
6.25608
4.70953
4.11533
4.23768
4.85763
5.95169
4.72881
4.4767
5.02798
4.74995
4.71942
4.81007
4.66377
5.28155
4.98996
4.56554
4.54972
5.0339
4.44457
4.91896
5.14943
4.49808
4.82234
4.41499
4.2787
4.7979
4.3605
4.62161
4.73843
5.31047
4.62657
4.75136
5.29852
4.83452
4.36322
6.28078
4.98542
4.99666
3.99527
4.98624
4.97604
5.67708
4.9376
4.33392
4.92299
4.8157
4.50861
5.40016
3.72658
4.29336
5.39472
4.80337
4.60653
4.22913
4.71989
4.68847
5.65475
5.05118
4.73164
5.11522
4.75388
6.33347
5.64136
5.22876
6.26171
5.67258
4.16502
4.62005
5.29401
4.83607
5.05934
5.90253
4.60249
4.39265
4.66234
4.72643
3.89476
4.28662
4.89955
4.62404
4.62561
4.45331
4.40872
4.96819
3.39174
4.33625
4.48695
5.02681
5.02548
4.59896
4.62516
4.02477
4.60007
4.07732
4.16451
4.33023
4.79017
4.57973
4.40145
4.81803
4.56552
4.77438
4.1808
4.22398
4.44396
4.58964
4.36134
4.84354
4.65941
4.08581
4.60685
4.34338
4.15399
4.43417
4.40093
3.75606
4.23614
3.97197
3.93978
4.06984
3.95589
4.11568
4.2537
5.00811
4.35807
3.68408
4.28533
4.77898
5.0325
4.42939
4.22407
3.64082
4.30978
4.46281
3.93613
4.46663
4.1567
4.43507
3.71029
4.24031
3.7274
4.0947
4.09594
4.24727
4.25669
4.37334
3.67524
4.65651
4.00059
4.58232
3.77857
3.78937
5.22986
4.2159
5.0012
4.39662
3.82867
4.2161
4.37567
4.75395
3.81439
4.16827
4.0912
4.5301
4.6036
3.40274
4.85905
3.93728
4.07308
4.30314
3.62175
3.76329
4.34347
4.39406
4.1161
4.64803
4.52576
4.14111
4.32782
4.91897
4.04405
4.38285
3.87701
4.6147
3.76233
3.75446
5.0861
4.37826
4.03892
3.87181
4.30478
4.47713
4.61092
3.95733
4.90975
4.57276
4.30505
4.63881
4.66825
4.56918
3.87624
5.08711
4.72519
4.1406
5.81669
5.18815
4.08836
4.97839
3.48947
4.09791
4.46567
4.60449
4.03082
4.42282
4.37971
4.46363
4.33126
4.73157
4.67623
4.06526
4.56528
4.43565
4.29194
4.4011
4.02159
4.26926
4.01068
4.22846
4.20664
4.44241
4.4874
3.75236
4.45144
4.35363
4.35208
3.93095
4.19592
3.9222
4.19709
4.77154
3.77343
3.71824
3.90357
3.68931
4.05038
4.28304
3.96556
4.52112
4.5447
4.61302
4.27596
4.79803
3.55108
4.56968
3.53248
4.01891
4.23128
4.34364
5.82915
5.13116
4.51559
4.15756
3.94926
4.16902
5.28036
4.45085
4.75591
4.222
5.41609
4.92034
4.23208
4.46417
4.21359
4.60465
5.70774
4.69825
3.73492
4.60772
4.49636
5.31272
4.22488
4.8794
4.14143
5.38541
4.1697
3.98198
4.63278
4.48031
4.9053
4.2175
4.80646
4.92105
4.77546
4.41468
4.38711
4.67069
4.32387
4.34132
3.58421
5.08972
3.85527
4.82349
4.01645
4.25298
4.03087
4.69746
4.80772
5.00039
4.3995
4.12621
4.85988
4.02422
4.60438
4.13646
5.4729
4.61125
4.34037
4.04578
3.78074
5.03924
4.65059
4.12793
3.92839
4.24578
3.81061
4.32548
5.16332
5.0184
4.47293
3.63395
4.41077
4.17489
5.74444
3.99277
3.92114
4.40689
4.47309
3.98535
4.68866
5.62544
5.7438
4.68739
5.34522
4.33213
4.84096
4.09937
4.73466
4.55977
5.71201
4.26895
5.50373
4.22072
5.36261
4.13104
4.53308
3.94285
4.53988
4.0451
4.12105
4.26564
3.69971
5.25827
3.61091
4.08769
4.18247
3.55296
4.43676
4.30261
4.71066
4.79681
4.63139
4.35348
4.57739
3.67186
3.89205
4.36395
3.94803
4.33273
5.29376
3.93278
4.81134
3.7896
3.83678
3.85942
3.44201
4.04992
6.02638
4.21735
4.30376
4.02051
4.19942
5.00819
6.65163
4.80731
4.56292
4.34851
4.8988
4.36256
4.12313
4.22919
3.87261
5.98413
3.9656
4.12677
4.57621
4.87678
10.2148
4.61517
3.91833
4.41707
4.53943
3.98851
4.1438
4.14499
4.54385
4.36869
3.71114
4.14591
4.2473
4.76645
4.80766
3.5144
6.65982
4.33142
4.48947
4.59488
4.14428
5.35066
3.92755
3.73603
5.037
3.80154
3.87018
4.16849
4.16702
3.97555
3.9037
3.99357
3.64607
3.71566
4.03437
3.91321
4.17857
4.09923
3.50131
3.53331
3.61279
3.54803
4.12
4.43712
4.3548
3.50294
4.34127
3.882
4.70118
4.65185
3.4503
4.6234
4.44923
4.24831
4.6378
3.76747
3.8419
2.88372
4.05226
3.97407
4.22668
3.51687
3.40342
4.13361
3.86857
4.30643
3.9239
4.24986
3.95188
4.23026
4.4899
3.31247
4.6483
4.76254
4.58255
4.2811
5.26335
3.40657
3.77291
3.84577
4.11018
4.21147
4.00932
3.67305
4.04492
5.22101
4.132
4.06115
3.72382
3.6285
4.74713
3.80255
4.33292
4.14299
4.56089
3.88253
3.80729
3.73169
3.88939
4.14505
3.84815
4.36195
3.67972
3.77322
4.4229
4.11163
4.31019
3.56761
4.37369
4.7981
4.54906
3.66788
3.75019
4.84076
3.84773
3.89084
4.01429
4.09377
4.08799
4.93516
4.44684
3.51308
4.0474
4.07
3.94473
3.93323
3.89055
4.00119
4.07533
4.08108
3.67573
4.27178
3.69113
3.91204
4.22616
4.1429
4.05219
3.88142
3.87476
3.60465
4.72094
3.7139
3.94381
4.3376
4.03779
3.98287
4.15684
4.39464
3.58934
3.49908
4.19887
4.21792
4.19213
3.79813
3.8904
3.86819
4.15181
3.79109
3.91424
3.99069
4.13301
3.64717
3.61935
3.47145
4.39806
3.88793
4.03349
3.59899
3.84765
4.0263
4.24707
3.70201
3.55995
3.85394
3.77412
3.5517
4.11756
3.82278
3.91475
3.82555
3.69542
5.13507
4.05851
4.09804
3.52706
3.73533
3.9807
3.43149
3.48098
3.69621
4.22952
3.51743
3.67199
3.97484
3.68037
4.28664
3.55634
3.86364
4.5013
4.30062
4.29212
3.30416
4.1211
3.51068
3.45194
3.84967
4.77925
4.30082
3.78814
4.22366
3.80355
3.88385
4.0245
3.98464
3.3659
3.77165
3.42963
4.127
3.70461
4.29523
3.48914
3.69064
4.2267
4.63116
4.02229
4.2775
3.85101
3.9043
4.67983
3.96091
4.40498
4.38779
4.37349
3.54862
4.7107
4.14068
3.69797
3.77012
3.96431
3.62772
4.00092
3.8716
3.71822
4.05765
3.68503
3.9795
3.62381
4.12164
4.55954
4.13866
4.17271
4.37406
3.39443
4.36858
3.70304
3.81362
4.01183
3.81582
3.62926
3.81066
3.88505
3.98545
4.29727
3.64406
3.9359
3.89626
4.18819
4.17879
3.47016
4.12987
4.25471
3.84292
3.1407
3.53067
3.44589
3.96814
4.59417
4.02579
4.32082
3.52568
3.48029
3.64169
3.21377
3.63676
4.41089
4.00001
3.84693
4.00928
3.2403
4.1064
3.44013
4.4804
3.5176
3.43392
3.803
3.87524
3.93767
4.47177
3.97151
4.57229
3.54484
4.32257
3.59152
4.15971
3.98389
3.81826
3.82469
4.13468
3.79126
3.82193
3.48876
3.61298
3.78968
3.6049
4.29291
3.6409
4.15266
3.91069
3.39946
3.89253
3.82681
3.80224
4.08943
3.39902
3.53217
4.0945
3.35767
3.71221
3.34175
4.04865
3.87701
3.61855
3.52732
3.3529
3.76529
3.78562
3.59468
5.64868
3.53239
3.85449
4.18104
3.66632
4.7024
4.14235
4.40818
4.41616
4.61833
4.251
4.27763
4.49682
3.83126
3.54371
4.62528
3.81903
4.14634
4.3978
4.54888
4.32172
4.08025
3.62633
4.03132
4.31881
3.83402
3.52695
3.76553
3.32872
3.82583
3.62224
3.11844
3.77326
3.77777
3.72563
3.89279
3.83225
3.95909
3.88866
3.07903
3.6084
3.73269
3.29794
3.62052
3.72011
3.65759
3.86119
3.73861
4.07953
3.2333
3.87332
4.00667
3.60362
3.6646
3.34303
3.64498
3.77954
3.56837
3.85715
3.71846
4.17949
4.15328
3.79052
4.07998
4.06871
4.0691
4.12407
3.94521
4.08063
4.41047
3.81522
3.51241
3.43671
4.37359
4.56625
3.10144
3.47762
3.35584
3.67696
3.54069
3.84496
3.56951
3.58611
3.7906
3.53621
3.52936
3.66374
3.8598
3.78475
3.57062
3.42213
3.88917
3.58833
3.69724
4.12497
3.92229
3.2145
3.49031
3.89902
4.02403
3.90492
3.50555
3.81397
3.72984
3.31464
3.58671
3.45676
3.11932
3.83419
3.51786
3.88714
3.72105
3.78987
3.64339
3.60421
4.10219
3.30921
3.84498
4.01935
4.48248
3.86131
3.81817
3.48415
4.03337
3.31804
4.03465
3.76744
3.91098
3.52183
3.52161
4.09418
3.76161
3.89101
4.88357
3.65484
3.74677
3.23597
3.57979
3.44097
4.01845
3.52457
3.72332
3.41178
3.58197
3.51608
3.84534
4.20889
4.21298
3.97784
3.88728
3.22592
3.55538
3.51797
3.18867
3.45719
3.71962
3.5076
3.64602
3.40156
3.75906
3.86227
3.93454
3.6861
3.44869
3.63982
4.53711
4.17674
3.45889
2.93721
3.75617
4.1798
4.82023
4.1013
3.64415
3.91299
3.89446
4.36209
4.10193
3.90307
3.89755
4.10412
4.54019
3.48947
3.59107
3.00878
3.17869
3.4529
3.32401
3.58238
3.18072
4.04974
2.97638
3.25046
3.67055
3.56393
3.79229
3.19018
3.82295
3.24956
3.42288
3.35647
3.35376
3.42221
3.77024
3.51169
3.39889
3.71616
3.34046
3.39256
3.29027
4.64033
3.08202
3.49995
3.19337
3.17558
2.8482
3.4805
3.14232
3.25674
3.20564
3.7188
4.07539
3.15863
3.74544
3.69133
3.93868
3.56789
3.13813
3.81398
3.31565
3.53728
3.09203
3.16635
3.30648
3.7654
3.66686
3.20656
3.35639
3.67817
3.19385
3.35507
3.52149
3.54657
3.65992
3.42022
3.56432
3.2917
3.20174
3.5449
3.07581
3.83522
3.2418
3.16779
2.89665
3.5074
3.51157
3.2375
3.24214
3.46635
3.22835
3.62523
3.0419
3.65972
3.18025
3.51633
2.97477
3.18594
3.26816
3.34602
3.45796
2.94072
3.42863
3.80872
3.58122
3.11469
3.90316
2.94416
3.3901
3.20946
3.74535
3.71864
3.82006
3.11454
3.61538
3.38761
3.03127
3.54788
3.33756
3.57445
3.54632
3.81735
3.7621
3.58985
3.57928
3.50781
4.02963
3.346
3.69967
2.85855
3.05351
3.05679
3.30729
4.08865
2.87817
3.49016
3.07583
3.40201
3.49599
3.02373
3.43755
3.1228
3.57282
3.28081
3.14633
3.80059
3.55834
3.14956
3.97751
3.51863
3.87707
3.37256
3.20754
3.67853
3.47041
3.54069
3.40537
3.78851
3.54647
3.39293
3.96626
3.06303
3.52948
3.12741
3.28375
3.45665
3.73811
3.47182
3.72695
3.37018
3.31528
2.93488
3.10222
3.44121
3.11054
3.34765
3.36406
3.74164
3.79664
3.41697
3.10157
3.28329
3.13308
3.3991
3.08859
3.80622
3.62686
3.67005
3.40904
3.50497
3.25736
3.25139
3.33169
3.169
3.099
3.0546
3.09247
3.32868
3.35874
3.1562
3.22888
3.42407
3.16715
3.16996
2.88962
3.04047
3.83722
3.12581
3.35618
3.60802
3.64718
3.17165
3.87213
3.44942
4.97963
3.83799
3.41328
3.91231
3.75489
4.35547
3.78482
3.35909
3.29542
3.50568
5.00494
3.34821
3.99882
3.04267
4.14325
3.43323
3.46025
4.16583
3.5038
4.78211
3.90694
3.70516
3.50503
3.56343
3.83745
4.33944
4.04978
3.55413
3.97691
3.3145
3.84348
3.67626
3.99916
3.73302
3.40164
3.63724
3.51786
3.31439
2.84105
3.54115
3.24449
3.46202
3.88849
3.59966
3.85779
3.19886
4.01223
3.3009
4.06372
3.19468
3.91815
3.66161
3.03549
3.50352
3.19554
3.31517
3.71746
3.88381
3.57599
3.40377
3.26131
3.56456
3.30962
3.23591
3.70079
2.98755
3.51404
3.61922
3.743
3.80069
3.81109
3.16456
3.21523
3.89959
3.57098
3.76607
3.64191
3.45899
3.61272
3.50322
3.24315
3.80803
3.24248
3.15005
3.59182
3.20779
3.39805
3.44101
3.82924
3.38224
3.61626
3.59484
3.11176
3.44033
3.46383
4.07197
3.79653
3.95318
3.37416
3.78934
3.58486
3.51696
3.11023
3.16419
3.82433
3.08242
3.21263
3.49569
3.75472
3.34681
3.26253
3.45124
3.882
3.49997
3.66862
3.23025
4.03773
3.58175
3.45179
3.19169
3.41724
3.67894
3.62359
3.42738
3.27172
3.27661
3.15408
3.20471
2.97416
3.42928
3.54144
3.3947
3.64809
3.31564
4.6038
3.43864
3.13676
3.6486
3.56156
3.56043
3.65421
3.57058
3.85756
3.6725
3.3985
3.96627
4.00474
3.66576
3.33206
3.22383
3.31316
3.62796
4.11932
3.54696
3.57608
3.61353
3.42658
4.0014
3.44245
3.2359
3.48881
3.94385
3.04277
3.83566
3.44838
3.77589
3.42216
3.14685
3.38629
3.21125
3.64568
3.52959
3.38551
3.62329
3.23058
3.67217
3.08477
4.39363
3.69615
3.92787
4.22048
3.49186
4.28058
5.15589
4.24113
3.83802
3.73634
4.11105
3.73604
3.9619
3.93497
3.44879
3.60418
3.66122
3.74103
3.39245
3.72501
3.65046
3.51486
3.6889
3.91003
3.66348
3.70862
3.79837
3.42388
3.71737
3.87916
3.5903
4.01742
3.7444
3.22459
3.15562
3.26347
3.93698
4.13047
3.73489
3.84643
3.38007
3.43183
3.11859
4.55303
3.52903
4.01706
3.64008
3.40318
4.06909
4.10038
4.00826
3.9629
3.24385
3.36325
3.60103
3.03448
3.88289
4.30607
3.50333
3.52599
4.11263
3.65776
3.35596
3.6505
4.34863
3.89224
3.42527
3.62104
3.55167
3.46418
3.60123
3.86554
3.46341
4.14621
3.58972
4.75035
3.83443
3.24442
3.71364
3.40484
3.79036
3.35034
3.92399
3.83741
3.52564
6.025
3.84479
3.64356
3.33618
3.93824
4.93157
3.51813
3.46716
3.5598
3.40183
4.17009
4.38839
4.40666
3.39577
3.18674
3.7472
3.82308
3.36218
3.33201
4.03197
3.54671
4.10941
3.88223
3.63133
3.72347
3.64992
3.60448
3.80821
4.05245
3.51388
3.28794
3.483
4.1487
3.39068
3.39984
4.12358
3.64768
3.49575
3.55434
3.56046
4.56053
5.00664
3.40695
3.10313
4.1702
5.05423
3.34147
4.45952
3.17861
3.62312
4.95192
3.67892
3.57345
3.97315
3.16503
4.72305
3.92372
3.87738
3.70372
3.45359
2.91152
3.3859
3.44924
3.41386
3.70715
3.27069
3.81286
3.36355
2.95658
3.16526
3.26423
3.31415
3.42144
3.22712
3.28688
3.69138
3.00837
3.91493
3.4546
3.86701
3.48334
3.81671
4.00964
3.26298
3.8957
3.53685
3.29141
3.65736
4.17119
3.74439
3.38842
3.70137
3.70389
3.88995
3.52715
3.36432
3.39546
4.51205
3.68323
3.41268
3.25248
3.33374
3.79524
3.8856
3.60551
3.67534
3.8864
3.59197
3.62995
4.25207
3.76573
3.09602
3.67199
3.88116
3.30065
3.57876
3.43377
3.38714
3.7096
3.86556
3.54861
3.70679
3.40413
3.52643
3.35341
3.61376
4.10609
2.99688
3.46051
3.93046
3.6469
2.92375
3.50008
3.34023
3.84904
3.6994
3.62285
4.31737
3.93058
3.23321
3.49228
3.2843
3.18535
3.91364
3.19411
3.10638
3.72486
3.756
3.02624
3.64156
3.95375
3.56043
3.11731
3.332
3.18223
3.35737
3.33761
3.86705
3.42254
3.12398
3.55642
4.17542
3.17949
3.02702
3.44517
4.04256
3.34466
3.1923
3.28774
4.03252
3.78817
3.2011
3.16783
3.34344
3.22319
3.32848
3.10959
3.39224
3.20712
3.35687
3.38632
3.28603
3.00907
3.52576
3.35668
3.63582
3.11558
3.20221
3.3314
3.29704
3.19561
3.32251
3.28767
3.39468
2.90375
3.21991
3.13349
3.06949
3.76289
3.32075
3.6147
3.52564
3.34939
3.94521
3.25981
2.75249
3.40087
3.32805
3.23726
3.36764
3.15112
2.7652
3.26934
2.92341
3.51314
3.32603
3.75681
3.54015
3.62388
3.61891
3.69389
3.45664
3.54765
3.57836
3.12741
3.8615
3.89078
3.87609
3.47443
3.64728
3.67755
3.40619
3.63763
3.23042
3.32996
3.44168
3.65049
3.96937
3.6116
3.8342
3.18999
3.27599
4.22776
3.03979
2.70862
3.58814
3.27083
3.34776
2.93765
3.44651
3.31729
3.67483
3.83015
2.92591
3.24824
3.05086
3.33257
3.3759
3.06364
2.97078
3.60681
3.20695
3.53315
3.12265
3.04009
3.19668
3.42206
3.37409
2.9468
2.88143
3.4542
3.25395
3.18691
3.34998
3.88081
3.3888
3.45869
3.4752
3.73605
3.39521
3.57566
3.30223
3.83262
3.92408
4.16224
3.42194
4.35856
4.14487
3.23441
3.27805
3.57837
3.40762
3.35801
3.33764
2.90012
3.30272
3.29063
3.29646
3.70486
3.58945
3.46348
3.60739
3.09367
3.4111
3.63663
3.55753
4.1671
3.62737
3.80648
3.21109
3.47351
4.25264
3.25601
3.31931
3.37473
3.44347
5.20865
4.4712
5.41554
3.58695
6.50664
4.30626
4.28141
4.4336
3.193
3.64425
3.80319
5.16572
3.72782
3.32595
3.02121
3.71795
4.13873
3.24225
3.16507
3.75465
3.47503
4.80409
3.75723
3.48413
3.66802
4.20706
5.07609
3.55913
3.84147
3.89333
3.58113
3.53785
3.63214
3.32374
3.16072
3.4769
3.38104
2.99651
3.51137
3.99316
4.10582
2.77564
3.69327
3.26933
3.72245
3.9434
3.65419
3.4622
3.49918
3.22116
3.40602
3.8135
3.29773
3.54203
3.31011
4.37644
3.33311
3.17754
3.10683
3.12232
4.45849
3.15134
3.09237
3.17061
3.41669
3.24843
3.06169
3.90084
3.14985
3.40638
2.94057
2.84489
3.4233
2.82985
3.41948
3.17664
3.14598
3.27587
3.46498
3.02098
3.16599
2.95458
3.23958
3.00864
3.44808
2.90798
2.91877
4.8064
3.66719
3.19304
3.67004
3.94114
4.21853
3.41826
3.28645
2.95905
3.25264
3.53057
3.70732
3.03819
3.69009
3.77636
3.1374
3.50792
3.79997
3.56293
3.25246
3.13696
2.81316
3.1357
3.41513
3.19346
3.1223
3.05116
3.10092
3.43257
3.51376
3.34188
3.53104
3.3007
3.5007
3.32661
3.10261
3.89349
2.85344
3.27139
3.38406
3.03318
3.11003
3.58237
3.08485
3.07561
3.52066
2.69851
3.31888
3.38213
3.35877
3.11159
3.19648
3.17174
3.41409
3.01844
3.23424
3.3827
3.1535
3.16268
3.28208
3.07665
3.63611
3.0044
3.08395
3.36105
3.32056
3.14629
3.71251
3.14921
3.61398
3.23936
3.16152
3.19237
3.05276
3.16134
3.25983
3.46825
3.63884
3.25799
3.18361
3.29703
3.32409
3.09028
3.70578
2.88839
3.51607
3.34788
3.5279
3.38689
3.22297
3.33097
3.26616
2.95864
3.22121
3.77003
2.922
4.02827
3.4745
3.44029
3.18251
3.53259
3.02804
3.01905
3.24373
3.12505
3.44627
3.21334
2.84504
3.13209
3.18743
3.39964
3.10695
3.1347
3.20006
2.87288
3.28438
3.15038
3.42339
3.32308
3.43728
2.88608
2.99537
3.79256
3.22366
3.24658
3.05063
2.90643
3.04101
3.64118
3.21849
3.50712
2.94898
3.14687
3.20944
2.90446
3.2121
3.20079
3.28749
3.44036
3.55573
3.36703
2.80745
3.05991
3.63283
3.12578
3.23731
3.31716
2.63841
3.35676
3.08624
3.14571
3.38682
3.27129
3.1154
2.97701
2.98213
3.02413
3.23268
3.40136
2.64432
3.24348
3.30053
3.08059
2.92666
3.29349
3.23306
3.24904
2.9511
3.53143
3.12273
3.5382
3.40898
3.36676
3.60388
3.45886
3.02677
2.81252
3.35238
3.27223
2.86995
3.0778
3.37128
2.85153
3.45448
3.63906
2.9142
2.98925
2.98379
3.00434
3.83533
3.35797
3.44307
3.33144
2.92833
3.74927
2.76569
3.44228
3.40368
3.0452
4.04841
3.2633
2.99251
3.77832
3.84768
3.68365
3.80663
2.99077
4.15901
2.78725
3.47775
3.66463
3.34919
3.59301
3.02299
3.03187
3.56309
3.86626
3.49521
3.35589
3.24061
3.40106
4.08529
3.19655
3.1116
3.06383
3.29576
4.195
3.41578
3.27796
3.22515
3.38739
4.14525
3.32922
3.77066
3.17209
3.47752
3.16612
3.84161
3.57793
3.61141
4.18178
3.30349
3.46841
3.11848
3.19532
3.47873
2.70306
3.01693
3.58938
3.26104
3.52142
3.31415
3.50419
3.01565
3.19364
3.01577
3.44219
3.23374
3.24906
2.85372
3.18783
3.47894
2.90977
2.90118
3.03558
3.30401
2.78179
3.01577
3.30361
3.67241
3.04581
2.90215
3.58946
2.97793
3.11946
2.86675
3.4243
3.03482
3.0694
2.74041
3.3949
2.91686
3.09876
3.32718
3.35349
2.81054
2.79419
3.27427
3.24239
3.58089
3.1732
3.02396
3.24744
3.20969
3.59936
3.26817
2.85469
3.05086
3.12004
3.52897
3.25178
3.19986
2.96124
3.52604
3.10264
3.36633
3.15946
3.3126
3.88518
3.35046
3.15628
3.00331
3.16714
3.43766
3.04431
3.51545
3.30229
3.5534
3.47852
3.50342
3.10763
3.08578
3.07482
2.83087
3.09192
3.47998
2.92878
2.88418
3.1642
2.96777
2.85962
3.14471
3.16329
3.04147
3.42069
3.06632
3.43604
3.38146
3.00971
2.99542
3.36562
3.02965
2.83778
3.03882
2.93916
3.34776
3.54813
3.59007
2.69838
3.4382
3.88557
3.06827
3.2907
3.1072
3.47089
3.38246
2.79067
3.39017
3.12432
3.38532
3.35755
2.98477
3.37173
2.87623
2.89219
3.00773
3.10722
3.42809
2.95087
3.10747
3.14306
3.12255
3.37895
2.93759
3.04613
3.12256
2.64346
3.17928
3.54443
2.96168
2.7984
2.60931
2.97449
2.8892
3.19574
2.91637
2.9798
3.20575
2.93466
3.6606
3.31259
2.76758
3.41082
2.95741
3.04377
3.28419
3.22806
3.25319
2.85762
3.34624
3.64732
3.06644
3.25153
3.24903
3.4509
3.18808
3.30647
3.74006
2.94811
3.54851
3.24831
3.12595
3.2116
3.52158
3.10778
3.02935
3.07423
3.05739
3.20083
3.14704
2.90861
3.08912
3.27011
2.76408
3.04658
2.98397
3.07591
3.3065
3.2007
3.72862
3.43204
3.17803
3.2054
2.85502
3.07856
3.21088
3.69185
3.37623
3.13116
3.15715
2.9932
3.03962
3.09796
2.96843
3.18013
2.98772
2.9466
4.20761
3.5115
3.3073
3.06329
3.26318
3.04077
3.23436
3.42311
3.54146
2.92953
3.37518
3.36646
3.3451
2.70794
4.62786
4.34512
3.37512
3.39696
3.65448
3.7627
3.34542
3.55686
3.71471
2.97497
3.30805
2.9097
3.81732
3.03141
3.06449
4.03185
3.10626
3.34928
3.41879
3.25049
3.07755
3.17166
2.82927
3.30707
3.10836
3.36478
2.9658
3.0318
3.3205
3.10704
3.36465
2.96386
3.09213
3.15556
3.01274
3.54823
3.02219
2.65778
3.37121
2.65065
3.31654
2.81746
3.3547
3.56443
3.38223
3.67822
3.53935
2.94393
3.38832
2.98983
3.33302
2.37693
4.24569
3.5285
3.00142
3.39979
3.96866
4.13404
3.16591
3.15679
4.10296
3.73871
2.69177
3.35247
3.16019
3.05411
3.05994
3.1898
3.6082
3.4726
3.66798
3.54812
3.85754
4.10403
3.21471
3.62013
2.87625
3.61907
3.35896
2.95821
3.2164
3.28919
3.06487
3.39776
3.10709
3.54425
3.96224
2.83596
3.54299
3.64756
3.43725
3.54321
2.93332
3.76922
3.16189
3.82333
2.91184
2.54922
3.36258
3.00667
3.22488
3.08511
2.76535
3.33126
3.29023
2.95405
3.25178
3.05526
3.3931
3.50768
2.78318
3.17547
3.2624
3.11733
3.20284
2.73161
3.19108
3.45334
3.56368
3.78833
4.02582
2.95543
2.89739
3.6197
3.04605
3.33958
3.01712
2.9611
2.87518
2.6488
3.03445
3.09213
3.16922
3.30646
3.17628
3.10343
3.19679
3.13794
3.21334
4.18526
3.6036
3.07995
3.02977
2.8975
2.57551
3.05733
2.86131
3.18431
2.8844
3.02418
3.16011
2.8594
3.13014
3.90531
3.73226
3.00793
2.96987
3.04329
3.01115
2.84803
3.06706
3.05473
2.84988
3.19993
2.98564
3.21828
3.10368
3.04584
3.17219
3.02995
3.06113
3.14072
2.79163
3.22108
2.96674
3.00429
3.46509
2.97301
2.98875
2.91313
3.02771
2.82859
3.54948
2.771
2.84139
3.16098
2.69185
2.83208
2.83313
2.81766
2.88381
2.74647
3.08126
3.37317
2.98723
3.24072
3.29721
3.01098
3.048
2.74774
3.64699
3.07926
3.28088
2.82124
2.95725
3.06401
3.21419
3.22708
2.57721
3.17547
2.99291
2.82415
3.15959
3.406
2.89231
3.13507
3.08598
2.98029
2.99247
2.86032
2.79856
3.30941
2.84424
2.70983
2.76084
2.91176
3.04253
3.01397
2.85787
3.19945
2.91302
3.25207
3.09219
3.12295
2.55163
2.89416
2.57397
3.13438
2.86666
2.93054
3.07592
3.05837
2.81436
3.1649
2.9954
2.80276
3.0514
2.78818
2.73144
3.35881
3.33946
3.1732
3.10252
3.23265
3.0908
2.86195
3.09505
2.79875
3.1441
3.36515
2.88549
3.44882
2.97025
3.01596
2.63001
3.88772
2.74982
3.28773
2.58928
2.85964
2.90306
2.89509
3.33335
2.68484
2.62849
2.73396
2.89906
3.13561
2.67746
2.94484
2.71682
3.03064
2.97169
2.90504
3.39015
3.19502
3.07916
3.72634
3.1558
2.93866
3.03182
2.7644
3.23286
2.6587
3.17928
3.0894
2.8173
2.84083
3.13566
2.90499
2.76873
3.08458
2.9442
3.14661
3.48196
2.98938
3.04611
2.81496
3.09293
3.00427
2.87155
2.81565
2.76786
3.10756
3.18848
2.72444
3.55557
3.0889
2.70098
3.12593
2.7115
3.20814
2.86202
3.38288
3.31803
3.33135
2.95842
3.10895
2.7904
2.93012
2.57499
2.95475
3.15149
2.63939
2.98022
2.89503
3.10344
2.79748
3.13477
2.9317
2.7074
2.67447
2.97724
2.77449
2.96755
2.94497
3.02674
3.4313
3.07473
3.20665
2.83916
3.62622
3.42954
3.93422
3.7029
3.26727
4.34626
3.00377
3.35834
2.97184
2.92169
4.51872
3.08289
3.08333
3.64497
3.20908
3.67929
3.42792
3.13512
3.32869
3.40645
3.04043
3.03729
2.66144
3.35819
2.91964
3.06884
3.13471
2.87014
3.42977
2.89063
2.92802
3.04235
3.32988
3.06887
3.02284
2.73025
3.20979
2.93492
3.02497
3.55998
3.13622
3.09089
3.04187
2.9573
3.34543
3.28848
3.27764
2.95251
3.03773
2.57317
2.74633
3.24176
3.44328
3.06252
3.07749
3.13949
3.04646
3.32927
3.23454
3.02376
3.15254
3.01311
3.15837
2.99941
3.03582
3.38203
2.84214
3.23567
3.35995
3.1221
3.14033
3.12774
3.40515
2.8131
3.27026
3.06791
2.74363
3.4326
2.95668
2.89163
2.92674
3.18892
2.95696
3.30631
2.98245
2.96451
3.36332
3.86875
3.1463
2.87868
3.00067
3.18636
4.25127
5.76254
3.75856
3.52361
5.42616
3.96789
3.30457
2.95346
3.55824
2.86354
3.21693
3.35807
3.71077
2.74539
2.95809
2.60212
3.22426
3.05188
3.05798
3.26468
3.11147
2.8188
2.70889
2.88972
2.87574
3.302
2.60824
3.27034
2.8465
2.50989
3.05433
2.81545
2.86495
3.42515
2.85892
2.672
2.94418
3.4164
2.76234
2.86593
2.98187
2.779
2.92387
2.9173
3.32135
2.84155
2.82872
3.76801
3.31578
2.60768
3.40228
2.77241
3.22764
2.81917
2.61145
2.75452
4.40156
3.03093
2.97895
2.86704
3.12419
2.86558
2.73113
3.08935
2.82936
3.11286
3.29022
2.77168
3.06489
2.80613
3.13488
2.73044
2.66826
2.82934
3.00146
2.82637
3.03205
2.89998
3.89743
3.31595
3.40396
3.05576
3.09689
4.29405
2.77428
3.37528
3.2964
2.73796
3.71293
3.33048
3.0355
2.92114
2.95354
3.22015
2.76707
2.71178
2.68797
2.77862
2.91524
2.65781
3.0007
3.17035
2.9401
2.59033
2.72135
2.72374
2.40748
2.57328
2.56435
2.82325
2.54889
2.98811
3.20806
2.69283
2.77196
2.73524
3.31835
2.95399
2.9581
2.79739
2.83763
2.82371
2.94671
3.31547
2.8386
3.04448
2.84425
2.71949
3.02799
2.88318
3.06288
3.23591
3.22831
3.17503
3.44506
3.00863
3.1831
2.91647
2.96153
2.7481
2.93686
2.92457
2.6212
3.25059
2.71925
3.16365
3.08413
2.92022
2.66661
3.27637
3.33796
3.12078
2.83217
3.22561
2.43939
2.90834
3.0461
2.90579
2.9315
2.86289
2.67042
2.98764
2.8141
2.80262
2.82517
2.78235
2.91014
2.83016
2.62259
2.66163
2.88402
3.14663
2.82071
2.60408
2.787
2.86292
3.91821
2.72298
2.91004
3.26476
2.81222
2.76311
3.50052
3.09128
3.1104
3.00567
2.96683
2.90525
2.83445
2.69532
3.09718
2.79748
2.96009
3.27783
3.11019
3.1773
2.76679
3.01649
2.86004
2.7963
2.85886
2.98123
2.53685
2.35763
2.77026
2.80381
2.88697
2.68946
2.83849
2.74685
3.27591
2.75347
3.25789
3.21027
2.82192
2.83355
2.79392
3.25141
2.87186
3.06971
2.96395
3.47456
3.2226
2.89695
2.73997
2.61065
2.67602
2.52562
3.23997
4.31982
2.92398
2.84023
2.58808
3.42945
2.90188
3.10198
2.70025
2.76224
3.03549
3.23225
3.30221
3.77329
3.06802
2.93996
3.61628
2.98716
3.15176
3.14882
3.25682
3.10294
3.06903
2.48913
3.04725
3.19312
3.01323
3.30154
3.50915
3.58428
3.36042
3.88281
3.2038
3.05797
2.95622
3.29626
3.51873
2.59713
3.21153
2.77045
3.01281
2.48748
3.05009
3.40246
2.89971
2.90895
3.02969
2.85183
3.00166
2.72396
2.75008
2.61691
2.78738
2.78748
2.83445
2.67244
2.63655
2.62472
2.68714
2.54416
2.9506
2.92505
2.72713
2.72417
3.01816
2.88581
2.52453
2.94663
2.69275
2.77658
2.95762
3.02491
2.864
3.10095
2.6397
2.81756
2.63874
2.90396
3.02187
2.57001
2.81457
2.9969
3.1939
2.6739
2.67594
2.61386
2.8403
2.88709
2.73377
2.57663
2.77579
2.68046
2.64548
3.16288
2.67842
2.71698
2.47045
2.99702
2.99891
2.82532
2.51846
2.56083
2.65764
2.66544
2.78976
2.58017
2.52264
2.9811
2.95073
2.94662
2.99896
2.69912
2.71776
2.62953
2.76464
2.8079
3.14324
2.55355
2.97672
2.94417
2.78387
3.01342
2.88323
3.09749
3.02281
3.1972
3.10943
2.91276
3.01557
2.67775
3.46872
2.81388
3.08701
2.46895
3.09199
2.46504
2.95163
2.75745
2.67669
3.08681
2.88757
2.63385
2.73526
2.96587
2.54453
2.51823
2.97481
2.77549
2.71585
2.99609
2.61144
2.99796
3.06324
2.88112
2.63467
2.67215
2.8745
2.66263
2.82905
2.82168
2.8867
2.72348
2.67413
2.63501
2.88073
2.74421
2.689
2.55021
2.67618
3.74372
2.6009
2.9706
2.58812
2.75855
2.76319
2.73758
2.98773
2.79186
2.67215
2.24008
2.66607
3.01704
2.71792
3.43704
3.24731
2.89772
2.77915
3.17128
3.91243
3.20777
3.09246
3.02453
3.05393
3.39481
3.01736
3.2453
2.60003
2.71076
3.13216
2.78354
2.87481
2.88671
2.89781
2.97461
2.71089
3.52377
3.17431
3.08309
2.89243
2.71425
2.62939
3.3518
2.72125
3.14221
2.88341
3.42536
3.18086
2.91533
2.87063
2.7861
2.98724
3.04634
2.65708
3.04129
3.38997
2.82972
2.85702
2.80825
3.02829
2.72973
2.91595
3.16583
3.39248
3.01713
3.20326
3.11553
3.13529
2.78798
2.74823
3.04458
3.02475
3.18033
3.06812
2.71782
2.67105
2.80793
2.81996
2.95986
2.65201
3.21451
3.10736
2.89539
3.09362
2.96948
2.75301
3.2454
2.93353
2.94326
2.9506
2.94552
3.1131
2.96752
2.94827
3.04022
3.37621
3.07514
3.00039
2.84422
2.74559
2.7753
2.66285
3.03983
2.74223
2.79358
2.89217
2.63373
3.11232
3.24397
3.40641
2.90387
2.99079
2.44423
2.91796
2.67309
2.87876
2.65852
2.86029
3.14904
2.88762
2.86269
2.93002
2.98103
3.11794
3.20037
2.98926
3.34797
2.92442
2.80307
3.14992
2.90443
2.75976
2.933
2.82139
2.99984
2.67218
3.01515
2.74475
2.7207
2.86493
2.85358
2.71469
3.12774
2.84373
2.87365
2.70574
2.91809
2.88675
2.75293
3.01516
3.22396
3.00886
3.18003
3.17492
2.58787
3.11226
3.07454
2.82191
2.88212
2.97156
2.80148
2.82282
2.80213
2.75977
3.25121
2.50844
3.0065
2.6525
2.90578
3.13309
3.14703
2.90292
3.37627
3.00996
3.38793
3.00652
2.72415
2.6968
2.9826
2.92672
2.97454
2.75559
2.71289
2.57858
2.95512
3.07146
2.71103
2.85589
2.91941
3.12256
3.20497
2.71145
3.06078
2.71096
3.21181
2.90779
2.7555
2.88253
3.09617
2.75106
3.02729
2.91847
2.72625
2.94533
3.52103
3.37844
2.92766
2.93026
2.75183
2.91425
3.13856
2.92052
2.89078
2.69956
3.01172
2.94867
3.03373
3.08799
2.66187
2.8456
2.93525
2.50079
2.83159
3.00782
2.85142
2.98544
2.90184
3.10204
2.84802
2.98216
2.77476
2.99035
3.10523
3.0709
2.66482
2.70512
2.74483
2.84495
2.75644
3.07297
2.53517
2.6897
2.83729
3.0476
3.19928
3.08597
2.98715
2.90122
2.89152
3.04236
2.69865
2.83304
2.99691
2.98464
3.0445
2.81712
3.0409
2.96182
2.85021
3.60227
3.1273
2.79969
3.15225
2.76341
2.96585
3.09072
3.08423
3.09632
2.73236
3.04737
2.92243
3.34184
3.19521
3.07643
3.27931
3.15402
3.1948
3.29871
2.93222
2.86299
3.1739
2.79142
2.70762
2.88868
2.53788
3.38838
3.26285
3.16349
2.98134
3.28735
2.97162
3.28538
2.99322
3.00071
3.06341
3.45784
2.68385
2.75885
3.38643
3.37251
2.79091
2.83435
2.93188
3.36925
2.7617
2.88414
2.71192
3.13726
3.05132
2.9837
3.30793
2.52674
2.69641
2.60446
2.65478
2.89416
2.91679
3.26672
2.85702
3.27905
2.85603
3.24399
3.14008
2.98309
2.69114
3.18159
3.53577
3.73249
2.57768
2.8538
2.47981
2.67543
2.6361
2.61852
4.17483
2.64464
3.30372
3.18692
2.52768
3.45769
2.88964
2.83553
2.80541
3.07898
2.72306
2.95839
2.88593
2.76099
3.23674
2.63953
2.75575
2.73817
2.74442
3.025
2.92088
2.85872
3.29744
2.98632
2.79654
2.94408
2.81896
3.31188
2.9441
3.9608
2.68641
2.72689
2.87121
2.93703
2.97156
2.82059
3.04107
2.7431
2.70714
2.79621
2.93375
3.22858
3.10311
3.64211
3.29811
2.97859
3.10378
3.0442
3.48291
2.83144
3.38078
3.36813
2.97373
2.85552
3.08608
2.9735
2.92915
3.09185
3.06975
3.10903
3.01431
3.10216
3.14378
3.2536
2.65846
3.49444
2.84097
2.66891
2.79323
3.10387
2.63722
2.84519
2.57214
2.70319
2.86539
2.69277
2.63088
2.77144
2.49521
2.69987
2.76446
2.39439
2.64739
3.1528
2.32748
2.73052
2.78236
2.80882
3.02794
3.38132
2.89405
2.59198
3.26455
3.10071
2.62473
2.5883
3.08982
2.98832
2.80515
2.78454
2.93194
2.80839
2.61425
3.20898
2.83191
2.59455
2.63878
2.73511
2.57255
2.90933
2.63189
2.94208
3.08101
2.7542
2.78918
3.29553
2.33951
2.96637
2.69727
2.77104
2.77896
2.90743
2.94594
2.97077
2.54405
2.77045
2.66844
2.49401
2.4743
3.72991
3.55375
3.10459
3.04552
2.91749
3.34913
2.88936
2.86043
3.25572
2.90775
2.77342
2.95465
2.94475
2.99603
3.3035
3.16313
2.79969
2.87583
2.58533
2.50821
3.1648
2.83676
3.27003
4.28738
3.74106
3.56265
4.55297
3.80569
3.16498
2.97949
2.83099
2.79931
3.37028
2.92983
2.66354
2.84185
3.06428
3.16101
3.23474
2.63319
2.83437
2.89636
2.87333
2.57662
3.01582
3.0302
3.16518
2.58452
3.20951
2.74731
2.86153
2.90534
2.86981
3.09136
2.85065
2.60769
3.42279
2.80256
2.77873
3.23132
2.77425
3.08499
3.00197
2.80653
3.10728
2.39753
2.69833
2.63528
2.66437
2.67125
2.50305
2.72239
2.346
2.84818
2.92406
3.02534
3.1059
2.89343
2.75566
2.61268
2.8284
4.2972
2.90908
3.08509
2.98862
3.35822
2.80074
2.47988
2.68461
2.80718
2.46647
2.25602
2.35632
2.7816
2.5088
3.46678
3.22245
3.35712
2.56789
2.58521
2.94116
2.82385
3.55436
2.24608
2.77525
2.72118
2.82804
2.47672
2.40722
2.75639
2.80147
2.57685
2.72052
2.56227
2.98984
3.30212
2.9072
2.87967
2.64836
2.66019
4.89036
5.65229
2.8338
2.94242
2.43566
2.54896
2.48495
2.48283
2.77337
2.75629
2.72238
3.10124
2.61521
2.92091
3.25219
3.1241
3.25455
2.59956
4.0206
3.92021
4.40678
2.83352
4.10457
4.57392
3.2274
2.73313
2.71607
2.8274
2.57111
3.0282
2.74766
4.01525
2.68606
4.13738
3.34567
3.34625
3.65194
2.67838
2.39106
2.47195
2.64106
2.68067
2.55988
2.4603
2.94704
2.4438
2.63499
2.70655
2.57265
2.93018
2.3126
2.6248
2.40262
2.63947
2.4758
2.74222
2.80816
2.53553
3.04994
2.97013
2.58544
2.57922
2.64844
2.66947
2.55578
2.68492
2.75635
2.79788
2.52882
2.75248
2.84878
2.85777
2.4059
2.75096
2.62382
2.38986
2.40095
2.45627
2.54082
2.73311
2.93492
2.79861
2.47461
2.50566
2.55752
2.64891
2.37241
2.68187
2.69438
2.60633
2.44795
2.6904
2.50118
2.66007
2.55274
2.46618
4.06543
2.40786
2.68183
2.55379
2.63044
2.51794
2.99186
3.2446
2.66623
2.54388
2.76528
3.06193
2.98139
2.88894
2.68073
2.39561
2.7862
2.83364
2.99065
3.20591
2.92538
2.5973
2.60579
2.7273
2.54754
2.72194
2.70479
2.3799
2.99083
3.15632
2.85126
2.86796
2.70931
3.19481
2.92483
3.13215
2.96194
2.60377
2.81715
2.56615
2.62074
2.39026
2.37893
2.5646
2.61354
2.46767
2.54518
2.99864
3.16862
2.65788
2.39599
2.75767
2.36344
2.47125
2.71096
2.9151
2.83819
2.5234
2.68092
2.35417
2.85509
2.64271
2.549
2.84843
2.69933
2.77116
2.70127
2.48568
3.05326
2.56935
2.35188
2.40784
3.66084
3.72244
3.56558
3.41092
4.13372
3.4991
3.55522
3.11333
2.62787
2.59838
3.13293
2.37525
3.17029
2.90545
2.80884
3.06895
3.00569
2.61639
2.69244
3.07862
3.32069
2.95585
3.06658
2.76749
2.71628
2.54674
3.01033
2.65425
2.74997
2.82098
2.83117
2.84882
2.75517
2.62104
2.79726
2.90716
2.85711
2.49839
2.66512
2.72874
2.95354
3.62391
2.74206
2.71159
2.41361
2.57113
3.32172
2.83921
2.4531
2.8638
2.80537
2.67231
3.03226
2.98902
3.35364
3.26008
2.5676
3.05307
2.64197
2.70334
3.25361
2.73809
2.84955
2.45687
2.67307
3.03756
2.5298
2.78909
2.59646
2.5523
2.7117
2.69509
2.78184
2.55595
2.6685
3.62978
2.92732
3.03428
3.10145
2.8391
3.10046
3.11357
3.14201
2.8461
3.75996
2.8212
2.61747
2.95297
3.41505
2.75789
2.8975
2.7362
2.61201
2.64313
2.84143
2.84657
2.83655
2.73216
3.07072
3.18664
2.67681
3.33491
2.75063
2.59485
2.54193
2.51735
3.37754
3.29103
2.75163
2.82682
2.78101
3.71497
2.9691
3.0995
2.4508
2.74031
2.55336
2.89825
2.45509
2.65495
2.68281
2.62389
2.57485
2.739
2.69508
2.62049
2.294
2.97179
2.85366
2.71077
2.57496
2.96852
2.6356
3.35778
2.65341
2.40058
2.41018
2.86179
2.63499
2.37354
2.4317
2.54717
2.38672
2.51073
2.71562
3.54052
2.76872
2.51186
2.67473
2.54693
2.50959
2.58083
2.73233
2.86308
2.77317
2.71738
2.39244
2.69422
2.5682
2.52486
2.51938
2.84264
2.2749
2.63726
2.46389
2.79601
2.40627
3.03586
2.55223
2.51832
2.81876
2.5268
2.91241
2.3766
3.71735
2.75565
3.9686
2.91463
3.32715
4.334
2.76555
2.7796
2.8028
2.5616
2.78376
2.94695
2.43539
2.63756
2.64167
2.71601
2.79513
2.68616
2.55093
2.54902
2.50152
2.77957
2.8235
2.72371
2.92612
2.71396
3.10868
2.90057
2.86196
2.63967
2.75308
2.33892
2.68902
2.24437
3.0783
2.84445
3.29974
2.75392
2.55673
3.12016
3.19823
2.41132
2.55187
2.52474
2.81062
2.80697
2.73829
2.98164
2.67709
2.83867
2.43343
2.75321
3.1664
2.91451
3.0884
2.89591
3.17018
2.67953
3.22769
2.95593
2.78986
2.9172
2.68771
2.91153
2.42137
2.58017
3.03485
2.49991
2.74172
2.96828
2.43572
2.61799
2.73967
2.68515
2.32494
2.72686
2.45048
2.61206
2.50237
2.76877
2.66145
3.08041
2.71598
2.70669
2.47907
2.75751
2.80372
2.78094
2.50562
2.84789
2.48932
3.43349
2.57942
2.68467
2.61441
2.49499
2.50327
2.28102
2.59893
2.74826
2.44471
2.52817
2.56228
2.66892
2.5832
2.53677
2.3167
2.89511
2.58315
3.15997
2.60136
2.25665
2.67195
2.88979
2.57653
2.82674
2.61054
2.73906
2.95592
2.5288
2.72523
2.22465
2.64312
2.44372
2.21084
2.52103
2.71273
2.52453
3.0863
2.54545
2.21628
2.65464
2.44347
2.50824
2.84246
2.47057
2.67352
2.77603
2.67042
2.86874
2.7624
3.34848
3.21696
2.58557
2.60797
2.77623
2.64025
2.90413
3.28613
2.69606
2.71298
2.82514
2.58477
2.88716
2.53629
2.75486
2.73631
2.64863
2.49822
2.61214
2.80358
2.68309
2.63238
2.99558
2.51951
2.61227
2.49128
2.64722
2.33371
2.72926
2.60303
2.70947
2.92077
2.55943
2.63915
2.47677
2.48341
2.68076
2.76719
2.35293
2.57254
2.42383
2.71301
2.50789
2.49803
2.47046
2.58657
2.62362
2.46906
2.61424
2.46747
2.58856
2.50239
2.73042
2.70502
2.38054
2.73938
2.61807
2.85576
2.56337
2.56374
2.8006
2.64064
3.26544
2.57065
2.67954
2.42844
2.5104
2.60806
2.65391
2.52072
2.57121
2.71308
2.74781
2.54324
2.65151
2.59352
2.82017
2.88765
2.8282
2.71447
2.53611
2.86651
2.89847
2.63976
2.73142
2.63389
2.35501
2.96761
2.78353
2.71261
3.02096
3.12737
2.63473
2.44249
2.50048
2.89707
2.3493
2.58777
2.76489
2.50885
2.74279
2.67664
2.76216
2.52448
2.70652
2.5105
2.82275
2.42479
2.7215
2.61829
2.40438
2.59938
3.15543
2.80102
2.69267
2.7054
3.01899
2.72797
3.23692
2.71874
3.01983
2.63647
2.65668
2.58265
2.76632
2.79693
2.58152
2.7704
2.66778
2.54751
2.65747
2.57475
2.69064
2.766
2.8689
2.82098
2.66919
2.71985
2.50892
2.38692
3.50027
2.55583
2.79097
2.6473
2.41251
2.60436
2.68501
2.5017
2.78822
3.05195
2.72883
2.70786
2.4374
2.6513
2.3465
2.42722
2.5757
2.75759
2.41903
2.89807
2.71668
2.58955
2.69181
2.74032
2.52693
3.10148
2.59172
2.58564
2.86122
2.72834
3.41584
2.64003
2.95083
2.78804
2.86436
2.74661
2.90465
2.56106
2.63804
2.53937
2.57011
3.01645
2.66468
2.37662
2.46728
2.85512
2.76004
2.74322
2.55246
2.79317
2.52546
2.49307
2.77376
2.64897
2.58512
2.79701
2.51879
2.55284
2.9012
2.54887
2.76014
2.59277
2.50096
3.67413
3.03283
2.79249
2.82556
2.8076
3.68579
2.98674
2.93545
3.44473
2.96668
3.65395
3.41742
2.61527
2.96676
3.11199
2.97453
2.65669
2.60038
2.46648
2.41457
2.63108
2.40758
3.62392
3.03459
3.03137
3.1465
2.72473
2.83333
3.02831
2.98001
2.73698
3.23032
3.13575
2.51997
2.58334
2.66282
2.79901
3.06568
2.80771
3.51711
2.67852
2.49495
2.64706
2.84636
2.86491
2.53211
2.49829
2.90298
2.90382
3.2296
2.82782
2.52601
2.82646
3.10297
2.80797
2.87068
2.67049
2.90157
3.36309
3.18288
3.17775
2.8546
2.98518
3.13111
2.64236
3.04147
3.21454
2.70068
2.78131
3.39294
2.54276
2.69568
2.64717
2.47323
2.95942
2.86348
2.96511
2.71996
3.26731
2.56334
2.94452
2.70636
3.57292
2.45387
3.10468
2.46797
2.68928
2.71982
2.65892
2.7185
2.49272
2.83958
2.4982
3.05235
2.74269
2.45774
2.60779
2.58787
2.83666
2.86389
2.96453
2.76119
2.76936
2.85156
2.55723
2.85467
2.37238
2.60788
2.59653
3.07366
2.8984
2.60646
2.61747
3.29676
2.69048
2.64702
2.83903
2.61343
2.36808
2.44256
2.72929
2.45119
2.7396
2.64814
2.56606
2.72652
2.55884
2.53001
2.59407
2.72861
2.56195
2.40141
2.73459
2.52818
3.50624
2.89568
2.3809
2.47021
2.6898
2.55641
2.87528
2.64937
2.52213
2.56678
2.70535
2.55213
2.66963
2.57566
2.451
2.63091
2.52366
2.62619
2.45597
2.66461
2.77282
2.48394
3.35347
2.81585
3.15401
3.10317
2.94265
3.03179
2.84255
2.38094
2.85232
2.75549
2.70585
2.62983
2.12693
2.78633
2.67176
3.33514
2.44477
3.48123
2.49788
2.88931
2.9636
2.70561
2.60233
2.71104
2.69776
2.58149
2.31054
2.71038
2.39824
2.39996
3.09263
2.47283
2.76317
2.78549
2.52804
2.46657
2.56568
2.55402
2.59876
2.63701
2.64256
2.45269
2.54224
2.6901
2.47228
2.52733
2.3247
2.67872
2.7969
2.34129
2.78172
2.56378
2.61959
2.59182
3.31712
2.6554
2.6387
2.70016
2.51913
2.47027
2.73676
2.68943
2.59477
2.72655
2.719
2.36183
2.61323
2.91038
2.92562
2.29498
2.85144
2.62972
2.9741
2.3675
2.60696
2.68174
2.32449
2.66497
2.80319
2.73537
2.62734
2.67237
2.54879
2.47051
2.72002
2.51265
2.66494
2.90963
3.08956
2.66362
2.68413
2.74801
2.57925
2.76572
2.73781
3.18982
2.99112
2.96669
2.52113
2.55799
2.58267
2.52358
2.57305
2.42969
2.47389
2.30151
2.51845
2.8073
2.50387
2.36626
2.50857
2.65504
2.61903
2.57195
2.38569
2.55851
2.64195
2.57332
3.84263
2.82283
2.85458
2.99628
2.957
3.34951
2.99058
2.69835
2.57336
2.64305
2.83146
3.00507
2.84757
2.87291
2.83275
2.80228
2.80827
2.85051
3.08607
2.75227
2.76467
3.02479
3.04057
2.8748
2.29612
2.61473
2.72285
2.86865
2.65728
2.58475
2.60748
2.68437
2.58512
2.61493
2.51967
2.43392
2.67959
2.46634
2.50679
2.58831
2.1247
2.67212
2.48726
2.73186
2.36078
2.57677
2.37887
3.02442
2.73724
2.43159
2.61234
2.93284
2.39312
2.89693
2.43087
2.68015
2.67366
3.25035
2.94304
3.26015
2.85912
2.95151
2.88559
2.92329
2.63564
2.6455
2.95986
2.46911
3.14406
2.8275
3.19976
2.50826
2.68921
2.71424
3.38932
2.70044
3.18654
2.31022
2.52809
2.99121
2.73676
2.40383
2.70091
2.63371
2.78707
2.66145
2.86303
2.54677
2.6362
2.70192
3.17889
2.79336
2.54429
2.45102
2.80659
2.42424
2.55808
2.40212
2.28694
2.70499
2.57313
2.21887
2.41798
2.46828
2.58354
2.66939
2.32998
2.67461
2.72319
2.47002
2.2706
2.71786
2.54765
2.40523
2.55619
2.67706
2.5372
2.49561
2.41178
2.30291
2.77635
2.44118
2.6091
2.37586
2.65906
2.43327
3.38376
2.76927
2.67829
2.51367
2.59945
2.81639
3.5406
3.15151
2.50144
2.67559
2.56294
2.90878
2.49654
2.74566
2.77511
2.48974
2.71224
2.87924
2.85186
3.16243
2.75758
2.53745
2.54262
3.17585
3.38378
2.48712
2.42435
3.59117
2.4433
3.4419
2.43424
2.5016
2.56932
2.25941
2.57162
2.59627
2.86196
3.15006
3.3964
2.23257
2.28512
2.58357
3.39876
3.19396
2.29844
2.41555
2.69868
2.4319
2.65554
2.6133
2.5162
2.36458
3.35999
2.61913
2.70199
2.33858
2.55234
2.43359
3.11944
2.74907
3.11822
3.04764
2.34632
2.51287
2.31614
2.7544
2.50713
2.76374
2.56481
2.76976
2.57267
2.63876
2.73014
2.53498
4.19455
2.63377
2.51191
2.35633
3.22799
2.44462
2.48898
2.55353
2.65393
3.4032
3.64983
2.75829
2.64137
2.47626
3.22385
2.21675
2.41495
2.40489
2.33906
2.97729
4.20673
3.1226
2.72431
3.79318
2.4582
2.22818
2.51755
2.74176
2.36698
2.37313
2.6197
2.41078
2.50757
2.48098
2.22582
2.38138
2.60836
2.235
2.9938
2.61606
2.62394
2.82645
2.39564
2.51153
3.22678
2.75227
2.49243
2.80569
2.82119
3.12345
2.77909
2.82371
2.86398
3.21283
2.47594
2.75578
2.54904
3.22498
2.67871
2.74768
2.59909
2.38062
2.76814
2.51835
2.66735
2.51802
2.70541
2.65805
2.61247
2.61386
2.61325
2.5717
2.79668
2.23749
2.49772
2.69808
2.25957
2.498
2.64349
3.41637
2.6968
2.47708
2.37139
2.79933
2.36074
3.06072
2.48256
2.63824
2.37575
2.52152
2.55417
2.84666
2.71328
3.41863
2.56581
3.05366
2.88625
2.74386
2.95633
2.60546
3.35062
2.8044
3.10676
2.65792
3.00338
2.80035
3.41707
3.12
2.92667
3.08854
2.8492
3.44302
2.48398
2.61002
2.58193
2.55172
2.70135
2.3576
2.64839
2.45758
2.46404
2.54266
2.8158
2.2808
2.76685
3.26981
2.51098
2.3128
2.66078
2.81416
2.28666
2.347
2.4243
3.12208
2.42412
2.65291
2.37312
2.56163
2.37771
2.40032
2.83415
2.45779
2.7732
2.66874
2.38647
2.37182
2.35401
2.49195
2.66673
2.54815
2.31614
2.61226
2.49626
2.61147
2.38008
2.63474
2.39396
2.54328
2.67714
2.98788
2.5876
2.53574
2.34222
2.52586
2.34202
2.48365
2.61042
2.60851
2.42291
2.44696
2.6022
2.46258
2.56979
2.62413
2.33452
2.29944
2.71396
2.72097
2.75369
2.76998
2.45699
2.56792
2.28167
2.57847
2.30623
2.82472
2.4954
2.25178
2.52704
2.34722
2.34994
2.48035
2.68044
2.56928
2.37665
2.58681
2.57561
2.72274
2.58936
2.68946
2.79781
2.65077
2.80315
2.97447
2.53279
2.93443
2.28176
2.80619
2.49347
2.38154
2.32469
2.28026
2.69261
2.60907
2.53521
2.8968
2.55057
2.64288
2.43907
2.46043
2.57238
2.51704
3.0196
2.48347
2.52918
2.56637
2.54463
2.68946
2.63565
2.69975
2.52953
2.16077
2.92131
2.51615
2.6739
2.66911
3.1309
2.62677
2.76202
2.4734
2.66737
2.63214
2.27682
2.5603
2.66199
2.73265
3.15765
2.33932
2.88026
2.61252
2.5713
2.57634
2.33933
3.47539
2.48606
2.56373
2.41772
2.55242
2.90814
2.59612
3.96808
2.45876
2.58966
3.01892
2.68013
2.54286
2.69163
2.86191
2.61659
2.49011
2.83696
3.80919
2.64086
2.69962
2.67677
3.11811
2.60588
3.07345
2.63044
2.29149
2.83077
2.45813
2.5868
2.47672
2.67668
2.88446
2.55408
2.50339
2.78284
2.56001
2.58552
2.42214
2.93392
2.53583
2.77424
2.72692
2.38595
3.70264
2.88707
3.12435
3.49428
2.86048
2.98164
2.87993
3.07057
2.76348
2.86044
2.78997
2.71896
3.25766
3.31675
2.74748
2.50794
2.62273
2.78996
2.84622
3.00028
2.84646
3.49074
3.23497
2.69554
2.94393
2.83239
3.02797
3.46053
3.09318
2.84961
2.68655
2.94856
3.02021
3.09605
2.72948
2.67611
3.09748
2.35282
2.71294
2.56352
2.43568
2.70401
3.15456
2.81666
2.93763
2.86118
2.96024
2.78336
3.19539
2.84163
2.78638
2.66019
2.94339
2.69909
2.31536
2.51874
2.80592
2.85812
2.37233
2.457
2.51397
2.45137
2.65961
2.6385
2.30532
2.63366
2.3174
2.72085
2.27243
2.6915
2.50608
2.44765
2.29266
2.40682
2.26588
2.6238
2.71421
2.52519
2.66451
2.61395
2.82997
2.35594
2.36177
2.46851
2.33411
2.64496
2.63182
2.59556
2.3183
2.51386
2.47405
2.48835
2.57854
2.44646
2.5503
2.55274
2.74539
2.59476
2.37958
2.54235
2.83515
2.43899
2.60257
2.31404
2.83752
2.76327
2.68103
2.6542
2.78006
2.484
2.65922
2.2732
2.6081
2.31736
2.78769
2.77277
2.26851
2.34254
2.46105
2.53059
2.51288
2.29991
2.57994
2.4791
2.15778
2.61512
2.55402
2.63319
2.81851
2.3304
2.37918
2.72378
2.44334
2.88007
2.24764
3.0436
2.34019
2.74158
2.88247
2.64776
2.58426
2.85357
2.3923
2.76494
2.94888
2.39607
2.57092
2.76965
2.46291
2.76069
2.3166
2.76179
2.3855
2.58278
2.67347
2.5198
2.64074
2.63869
2.48207
2.58154
2.59379
2.77397
2.65281
2.52405
2.73143
2.60029
2.72362
2.90349
2.65791
2.29638
2.92139
2.62138
2.4376
2.91162
2.46204
2.45602
2.26902
3.11198
2.4742
2.45308
2.94982
2.2192
2.80323
2.73541
2.14835
2.23836
2.56395
2.86554
2.39096
2.47777
2.52429
2.67092
2.66469
2.92904
2.50173
2.81228
2.95749
2.38564
2.39444
2.5674
2.54944
2.39107
2.9051
2.48586
2.63829
2.8523
2.82748
2.56194
2.54894
2.81979
2.43362
2.75964
2.95863
2.64342
2.37784
2.53436
2.68837
2.83392
2.70114
2.64115
2.65705
2.73148
2.39613
2.75178
2.43912
2.41941
2.48818
2.59554
2.74651
2.48966
2.54758
2.44161
2.2875
2.52552
2.38512
2.50968
2.35191
2.69047
2.37911
2.40963
2.7965
2.68903
2.60161
2.31239
2.61296
2.57567
2.59015
2.58524
2.30104
2.43758
2.44607
2.86732
2.72002
2.33055
2.44855
2.48376
2.5037
2.52059
2.59835
2.78907
2.68672
2.50159
2.70743
2.75685
2.49906
2.36085
3.11021
2.63417
2.35297
2.70183
2.81
2.48423
2.57584
3.17777
2.39266
2.57558
2.72392
2.37412
2.35846
3.12195
2.49525
2.4301
2.88075
2.52554
2.59431
2.41019
2.66635
2.1423
2.37479
2.91276
2.3412
2.83629
2.97222
2.86725
2.58547
2.37575
3.1478
3.12332
2.72326
2.56582
2.80455
2.6586
2.75737
2.87492
2.68369
2.79272
2.87662
2.73038
2.79606
2.80303
3.27188
2.81187
3.04522
2.8439
2.80802
2.73451
2.57215
2.70578
2.77566
2.77908
2.65649
2.85522
2.86149
2.60138
2.76577
2.45101
2.4641
2.84873
2.63447
2.55803
2.57946
2.60638
2.57677
2.56083
2.56145
2.66075
2.84516
2.72373
2.88423
3.05343
2.94523
3.55916
2.3751
2.4449
2.62637
2.6653
2.81344
2.78213
2.70136
2.84154
2.75214
2.88339
2.648
2.67333
2.47187
2.78315
2.88918
2.66068
2.56353
2.8756
2.77056
3.06035
2.88752
2.77168
3.10095
2.42131
2.77896
3.00365
3.48818
2.66909
3.07733
2.68857
2.49011
2.57702
2.95829
2.98574
2.97849
2.64282
2.68435
2.93334
2.92218
3.03455
3.09802
2.77551
2.8127
2.49992
2.52708
2.74198
2.63472
2.83946
3.02067
2.45978
2.68345
3.07358
2.51578
2.99441
2.40899
2.51713
2.32026
2.38181
2.15755
2.32532
2.58816
2.447
2.89264
2.41915
2.77541
2.7723
2.29632
2.59104
2.30988
4.78538
2.69168
2.39112
2.51482
2.39245
2.86765
2.43462
2.34727
2.47199
2.34889
3.93619
2.72612
2.75304
2.93322
2.59269
3.06351
2.82127
2.78094
2.67288
2.50276
2.93804
3.28192
2.53738
2.75071
2.78116
2.63218
2.45213
2.48856
2.45013
2.47783
2.57976
2.65283
2.57644
2.35995
2.49745
2.27072
2.34614
2.5959
2.4237
2.41005
3.27065
2.48786
2.41695
2.51235
2.33985
2.61644
2.57181
2.29583
2.28919
2.45332
2.52267
2.2408
2.51638
2.76422
2.83731
2.32846
2.56601
2.42823
2.60411
2.24069
2.37258
2.24874
2.57113
2.63863
2.63697
2.4611
2.49795
2.44715
2.39798
2.57856
2.66604
2.45734
2.22785
2.53049
2.46923
2.5887
2.68497
2.74239
2.6022
2.54465
2.49574
2.21678
2.2735
2.64753
2.52302
2.52044
2.88397
2.49209
2.47713
2.45287
2.52614
2.52647
2.26792
2.5161
2.25432
2.53838
3.36769
2.27683
2.45508
2.35744
2.52765
2.54775
2.63181
2.36349
2.46897
2.43628
2.20599
2.64269
2.22963
2.26184
2.48464
2.41457
2.79996
2.35854
2.29527
2.60498
2.58285
2.20169
2.37289
2.49766
2.66742
2.71679
2.38987
2.54056
2.34698
2.65359
2.31992
2.66667
2.32835
2.47953
2.35243
2.37287
2.79136
2.91084
2.63366
2.51477
2.1899
2.62197
2.29219
2.63465
2.52873
2.46168
2.55079
2.54777
2.47574
2.31481
2.67542
2.46793
2.59613
2.36421
2.39548
2.72894
2.1085
2.55722
2.788
2.44839
2.29784
2.54925
2.27597
2.46549
2.44749
2.55038
2.54569
