11.2867
18.8158
19.6126
13.4034
17.2305
15.4846
11.6334
7.97723
15.1947
8.21181
13.1585
15.662
15.6653
6.92346
11.3352
17.5807
9.03015
13.1287
8.47523
8.41895
6.87939
9.45032
10.3762
6.19585
14.9998
13.664
10.7315
7.83907
7.25067
4.41848
12.8421
5.31982
4.73381
6.84729
7.89624
3.6068
3.31593
4.87433
4.93631
3.85883
4.93997
3.35102
3.36891
1.21321
0.991148
3.20038
4.28771
3.11624
1.24476
3.07212
8.37905
2.00115
3.87409
0.529496
2.06977
1.2436
3.0289
0.947063
1.50648
1.96191
2.38034
5.43504
0.232369
0.151522
1.87447
0.535998
0.461175
0.349206
0.817521
1.1697
0.590382
4.48872
0.279885
0.0426162
0.964702
5.10979
1.16339
0.0406
0.347865
1.79961
2.10296
0.00600228
0.00899397
0.173612
0.224219
0.176455
1.48576
3.8325
0.000513382
0.0847265
2.84025
0.0489098
1.00167
3.17978
2.30034
0.831223
0.00371508
0.949542
0.0596846
0.0109435
3.78006
0.0244022
1.50747
2.20751
0.020963
1.2519
0.638472
0.311097
0.436989
0.415192
0.0656436
1.6258
1.14499
0.0425918
0.350148
0.107382
0.526492
0.00828159
0.355532
0.00153745
1.97641
3.71932e-06
0.000676182
0.812591
0.00363667
2.51663
0.166728
0.00632986
0.00694673
0.277802
0.189737
0.00223942
0.284327
0.0185304
0.0242821
0.00234232
0.0590424
9.50022e-05
2.16002e-05
0.000169809
0.598884
0.0542244
0.00389015
0.0775185
0.606307
0.623116
0.00201521
0.00518242
0.00350211
0.737834
5.2762
0.00582169
0.00164813
7.13539e-05
0.0138463
0.0131948
0.00018108
0.00471189
0.511792
0.375158
0.00011336
0.0705007
0.000167465
8.77446e-05
0.252488
0.981145
0.00073975
0.0130759
0.000116523
2.47706e-05
0.0421955
0.129957
0.00110143
0.00262496
0.00086529
1.27876
0.840395
0.0153041
0.000587441
0.000486929
0.0122942
0.106571
9.7928e-05
1.67535
1.3685e-05
0.000119246
0.113877
0.00136041
0.00186287
1.18254e-05
6.55647e-06
0.00574576
0.00690881
0.941617
0.00282124
0.320038
0.0980778
0.000731893
0.000117018
0.000656014
1.01558
0.762663
0.0210566
0.000468568
2.3126e-05
0.000101785
0.0991536
0.000572781
0.00458703
3.58789e-05
0.00176453
0.00190732
0.000144133
0.00550384
0.134993
9.96375e-05
0.0585478
0.599292
0.00166619
9.53674e-08
0.186481
0.405162
4.65817e-05
0.000258637
0.0270031
3.22175
0.0660378
0.371522
0.000653051
7.12807e-05
0.646932
3.88619e-06
0.000164729
0.00118095
3.05156e-05
0.00361427
0.011697
1.33327
0.000268841
2.87756e-05
2.17667e-05
0.00610897
2.31968e-05
0.00245458
3.83853e-06
2.41509e-05
0.00522391
2.55107e-06
2.69412e-06
0.00133283
0.0169713
0.0481735
9.47541e-05
4.60812e-05
0.000133039
0.00236188
0.137455
0.187257
2.90135e-05
2.39597e-05
1.22307e-05
5.38546e-05
0.00779029
1.16585e-05
0.00315249
0.000203293
1.08718e-05
0.0637669
0.439997
0.000129781
0.000146344
0.000675978
4.83987e-06
2.44604e-05
0.000111108
0.846573
2.51699
0.036625
0.88477
4.01458e-05
4.46508e-05
1.14916e-05
0.00487043
0.000651008
0.00360869
2.04793e-05
2.98022e-06
1.54972e-06
1.19209e-07
9.92052e-05
0.000188572
8.70132e-05
0.00166128
0.00104908
0.00601707
0.000299849
0.99688
0.000147384
3.38553e-06
0.000120056
0.0339362
0.0920634
1.26362e-06
0.000784026
0.000107308
1.74045e-06
0.00118815
6.31722e-05
9.67959e-06
3.74316e-06
7.00938e-06
0.00031542
3.57628e-07
1.52588e-06
0.000450124
1.38282e-06
1.19209e-07
0.000124322
0.000821
0.00177904
0.000114718
0.000507043
4.39839e-05
0.000491386
0.000885123
0.15534
0.0308897
3.96946e-05
0.000159534
2.53194e-05
0.00277747
2.21958e-05
2.98022e-06
0.000227989
4.03384e-05
0.30284
0.00297136
0.0114988
0.0025687
0.01617
1.37325e-05
3.08738e-05
1.76187e-05
0.00145661
3.98156e-06
0.0220092
0.00148257
3.14711e-06
0.00972623
0.13332
2.36252
1.13484e-05
0.00967626
7.64709e-05
4.34353e-05
1.19683e-05
0.00226399
4.19613e-06
1.07368
0.00744298
0.000500322
0.000449053
0.0416468
4.45839e-06
2.62721e-05
0.0504326
2.1696e-06
2.52234e-05
0.00548708
4.52995e-07
0.00336084
0.0151438
9.79879e-06
3.04444e-05
2.45557e-05
0.000811948
0.947381
4.50799e-05
0.125694
4.14845e-06
3.00406e-06
1.12057e-06
1.51393e-05
0.0216005
3.81467e-06
5.26898e-06
3.41867e-05
5.99106e-05
0.000282398
4.76837e-08
3.33786e-07
0.000277788
5.2452e-07
0.000101528
4.97519e-05
5.00679e-07
9.14845e-05
0.0650957
9.68461e-05
0.164303
1.29428
4.0054e-06
1.1563e-05
0.000293355
7.65311e-06
6.48488e-06
1.19209e-07
0.00219087
3.81469e-07
0.00063355
0.000571584
0.0248401
1.96453e-05
2.90869e-06
0.000184049
0.0144583
7.15256e-08
9.48996e-05
1.03251
3.07559e-06
3.33786e-07
4.02651e-05
1.23977e-06
3.69546e-06
1.52588e-06
0.365531
0.0164033
4.52995e-07
3.82635e-05
2.52722e-06
0.00167119
1.19209e-07
1.69985e-05
5.99309e-05
0.000825844
0.000221968
0.000781278
7.15256e-08
4.76837e-08
0.00234431
1.66893e-07
9.53674e-08
3.8479e-05
0.000199714
0.000631218
2.88485e-06
1.43051e-07
0.0
0.0804112
5.21856e-05
0.18911
0.0479375
3.7262e-05
1.26362e-06
0.000153229
4.98291e-06
3.12787e-05
6.72705e-05
0.000262759
0.0120633
0.000649687
3.42578e-05
0.0558058
2.88943e-05
0.000671308
3.18269e-05
0.00116978
0.00562499
7.57556e-05
0.000855225
0.000182998
0.000500173
1.52587e-06
6.92727e-05
7.60667e-05
0.00373527
0.000442316
1.40666e-06
4.30543e-05
0.000341739
4.76837e-08
0.00040516
5.37562e-05
0.00224673
0.440869
3.36167e-06
4.05311e-07
6.67571e-07
2.90869e-06
3.83851e-06
1.90734e-06
2.48418e-05
1.16825e-06
1.43051e-06
4.91137e-06
8.86898e-06
1.33514e-06
3.09944e-07
4.95904e-06
0.000909244
0.000188498
0.00262588
0.000680346
1.19444e-05
0.000255915
3.62394e-06
5.96046e-07
3.8147e-07
0.00118992
9.53674e-08
1.66893e-07
0.00084669
0.0
4.76837e-08
8.3445e-06
1.83582e-06
3.79082e-06
4.72066e-06
3.29015e-06
1.57827e-05
1.38283e-06
0.00360385
3.33786e-07
9.91797e-06
0.0231554
0.000392796
0.000184121
2.00271e-06
5.62394e-05
4.55599e-05
1.06809e-05
5.48362e-07
0.0908413
1.21353e-05
6.6518e-06
1.48291e-05
4.56524e-05
0.000337127
1.43051e-07
2.38419e-08
1.90734e-06
0.00284435
0.000611313
2.14576e-06
1.04904e-06
1.19209e-07
1.07288e-06
2.38419e-08
2.19344e-06
0.00578181
1.25358
0.00103399
2.38419e-08
1.43051e-07
4.05311e-07
3.33786e-07
0.000886242
1.8835e-06
1.35898e-06
3.7193e-06
0.000241491
0.000907938
0.000194577
0.038315
0.000185809
6.13119e-05
5.96046e-07
1.20161e-05
0.000253924
8.96434e-06
0.00126556
0.0764283
4.12681e-05
3.09944e-07
8.89115e-05
0.244704
0.0111231
0.0
6.19888e-07
0.000605477
3.07558e-06
5.00679e-07
0.000720076
0.000294418
8.58305e-07
2.95638e-06
0.034264
1.27789e-05
7.10482e-06
2.2959e-05
1.65217e-05
0.00126988
0.000230937
2.08367e-05
9.22659e-06
0.155832
3.14712e-06
2.59875e-06
8.41603e-06
0.000501599
9.39351e-06
0.725085
0.000406663
2.6226e-07
2.38419e-08
2.38419e-08
5.41207e-06
0.000189719
1.19209e-07
6.4372e-06
5.48362e-07
0.00326251
3.95771e-06
8.58305e-07
5.96046e-07
3.75951e-05
8.58306e-07
5.96043e-06
2.38882e-05
6.50873e-06
3.53305e-05
4.62502e-05
8.08395e-05
2.38419e-08
8.0713e-05
1.04312
0.53267
6.22264e-06
5.48362e-07
6.67571e-07
9.67969e-06
1.90735e-07
1.04426e-05
0.000260731
6.81999e-05
0.0
0.000965488
1.43051e-07
9.77514e-07
3.55242e-06
7.15256e-08
4.61764e-05
0.00161069
0.00146656
1.19209e-07
7.39097e-07
0.000139314
0.000268779
2.38419e-08
8.273e-06
9.07257e-05
0.331798
4.74447e-06
3.09944e-07
2.04791e-05
0.000556315
7.15256e-08
4.52993e-06
0.0
1.03471e-05
7.15256e-08
3.43321e-06
0.0
2.02655e-06
6.43409e-05
1.65456e-05
0.0886508
0.00020534
2.88484e-06
5.48362e-07
2.14577e-07
0.0016761
0.000123487
0.0
0.000112568
1.90734e-06
2.57e-05
4.26767e-06
2.38419e-08
3.4809e-06
1.35898e-06
2.6226e-07
5.91274e-06
0.0440421
6.4373e-07
2.38419e-08
8.63855e-05
5.33987e-05
1.74045e-06
0.0172806
0.000117649
1.16108e-05
0.000248516
0.000522568
1.36132e-05
0.00517394
0.0178779
0.0
3.57628e-07
7.39097e-07
0.00017365
4.52995e-07
4.33638e-05
0.0
0.000147265
3.38552e-06
4.76837e-08
7.17629e-06
0.000136782
7.62796e-05
2.38419e-08
0.000313637
2.95638e-06
4.52995e-07
0.000229276
0.000112336
0.0500125
0.00016375
0.0181602
0.0
4.52995e-07
6.4339e-05
4.83984e-06
1.66893e-07
4.3316e-05
0.000594379
4.83986e-06
1.13961e-05
0.0
0.0
2.14577e-07
0.0
2.76564e-06
1.19209e-07
1.3113e-06
0.0
0.000270407
8.24997e-05
0.0
7.15256e-08
2.21482e-05
0.0
0.000204778
0.00358061
0.000325763
2.2458e-05
0.00492471
1.70462e-05
3.09944e-07
1.111e-05
1.83582e-06
1.7666e-05
7.05711e-06
2.14577e-07
0.000268406
8.34464e-07
8.15375e-06
4.76837e-08
8.45507e-05
4.41071e-06
1.90734e-06
0.000677027
4.76837e-08
2.65104e-05
2.59875e-06
6.70322e-05
1.43051e-07
1.90964e-05
7.39096e-07
4.26765e-06
9.53674e-08
0.000267208
6.53258e-06
1.12056e-06
0.000923327
0.000100921
0.000140785
1.19209e-07
7.15255e-07
3.8147e-07
