137.085562706
114.307502747
124.09758091
113.247695923
121.749980927
117.169930458
104.072867393
88.916636467
109.706687927
88.5594568253
100.641846657
88.0895738602
87.4033575058
96.2719202042
87.947467804
78.5312585831
83.9312057495
82.4205350876
79.0220451355
76.1327962875
65.0537395477
72.596950531
76.1253032684
69.0675487518
70.6914682388
65.2870407104
60.8335103989
58.0036010742
67.3199558258
66.3364839554
61.4250736237
65.8087124825
61.4762134552
53.6890406609
56.2269163132
58.2324104309
51.4339971542
52.482732296
49.6984972954
46.2334022522
50.4367599487
43.190349102
42.7770123482
34.7362873554
38.7613177299
36.8982043266
38.6374857426
34.707477808
35.9095811844
32.2047941685
36.4422297478
40.4273443222
31.6454927921
30.7279982567
30.2581834793
29.8215727806
28.3900845051
25.2596899271
29.9562847614
27.2389392853
26.1757355928
23.5242159367
22.9976066351
23.2130521536
27.8287657499
22.1401882768
21.3470288515
20.6360161304
23.7333856821
16.5958658457
22.9425901175
16.9258918762
18.3563709259
14.981369257
16.8808213472
13.8467284441
15.5542050004
16.370593667
14.2708616853
15.4581480026
16.3115234375
9.61805146933
10.3921614289
10.8955668211
15.2923814654
11.9592826366
10.2724348605
11.6661742479
10.0823230855
9.54488027096
11.7666857541
9.38096752763
10.468817234
10.3286674023
11.0568038896
4.17953903973
7.56962645054
8.07790163159
6.99320721626
8.04369807243
5.88435326517
4.37826406211
6.59155270457
6.28423306346
2.83948352933
8.90232902765
4.41269513965
7.01548877358
7.54280546308
5.09550634772
9.4513053298
7.47457945906
4.98155180737
3.68278283626
7.00593736768
4.86519438028
5.06629415182
2.43445271254
4.16668494046
4.98102325015
4.59599017352
3.61546756327
5.08869781718
3.18124865787
2.75432463735
3.0413961336
3.58732662909
5.14576211572
2.56164902193
6.42690725625
2.05487327091
2.98690147325
2.63898972119
1.50509636104
4.37518084049
1.85777612031
4.59899039194
0.98008934781
3.97100799438
2.87850617291
2.82291074283
2.32418356556
2.86885224283
2.50507461838
1.47687233228
3.21343005053
1.11311167874
2.32127227914
3.46938311681
2.43964906037
1.06481471285
2.06230742484
2.63741304912
1.47819166258
2.07513286313
2.18919773332
2.84096181067
1.64943357091
2.4030222958
2.47322186106
0.579573656672
0.705512872431
1.79057944939
2.7073691152
0.584512238667
0.702972144587
3.43584849685
1.39518177818
1.05252107978
2.63094433164
2.13487562817
2.07304616831
1.08216532168
3.38535264134
1.02366402233
3.65107899718
2.07669975143
0.397774059282
1.82793070795
0.962750184932
0.438894934487
0.939522790024
0.806529269088
0.558132249862
0.757762692549
0.571066590608
3.13558837771
1.1129267909
1.05655235022
0.626112062309
0.447229190962
0.864633291028
0.586699165404
2.1548300162
1.91749344487
0.236527088768
0.444600528339
1.08926520636
0.83554142213
0.671504028025
0.508401634055
1.6558314109
0.0562293012626
0.498326967099
0.690595640292
1.57810654408
0.592462237873
0.19589580968
2.39394670725
0.186572871695
0.494512027246
1.07460380095
0.274862935999
0.205902429647
0.0644713364891
0.516306334463
0.280228155141
0.771160499833
0.16346503768
0.629740097298
1.06271307141
1.75878919847
0.988071000058
0.53857284371
0.458960628021
0.311505147023
1.61625795348
0.530819035591
0.638034571799
2.19514638009
0.160469969036
0.779936769046
0.288097333512
0.349408337264
0.179404310271
0.910771846673
0.112020111585
0.0342042747434
0.336562838755
0.212182516058
0.504834228777
0.885857212787
0.135543182158
0.1804089465
0.573565233033
0.564929556684
0.326271838712
0.213874409972
0.520161299355
0.478901867784
1.33628230513
0.480905006814
0.635828493039
0.514499901212
0.974845214339
0.261863857813
0.225777576641
