21.5368
19.7402
21.0762
21.1185
19.4396
20.4704
22.4471
20.0864
21.5299
22.3972
22.2736
22.0965
19.6361
19.735
20.9362
22.2956
20.9208
22.0339
20.703
22.065
20.4185
19.1743
19.6708
19.6958
20.8441
18.226
20.5189
22.0715
20.8886
19.2899
17.7417
20.063
20.9197
16.7693
20.5905
19.5438
20.0209
22.1498
22.0258
21.0207
21.7907
18.0647
23.1119
20.5416
19.1291
19.5722
21.0407
21.3989
18.0193
20.4088
20.5482
20.6075
17.788
20.6793
19.9284
19.54
19.8096
19.8962
19.8039
19.2589
21.1988
20.9832
19.2496
20.2027
19.8254
20.2498
21.021
18.0859
19.0668
17.8594
20.0993
20.9735
20.67
19.0323
19.0498
17.7411
20.5126
18.7636
19.4214
20.9095
19.4373
20.1518
19.973
17.0401
18.4521
18.1412
20.4183
20.0064
17.8901
19.3502
19.5773
19.0809
18.8601
19.9257
19.2012
19.0512
17.6507
20.2948
20.1611
18.5509
19.2247
17.8032
17.9196
17.1898
21.7116
20.2704
18.707
20.9061
20.0977
19.4294
19.8055
18.3292
18.9075
19.1424
17.9514
18.738
16.9576
18.3583
17.7072
18.4392
18.2592
18.6322
18.3658
15.8971
20.7545
18.4471
18.6106
18.7888
18.9917
17.2946
15.7731
18.7794
18.0797
17.7015
17.3461
17.7371
18.558
17.2475
21.228
18.7051
18.4481
16.5663
14.8762
17.7773
17.8607
19.3061
19.6886
15.9664
16.7358
17.9513
18.0383
18.1273
18.2323
16.6259
16.1244
18.5215
18.5897
15.9555
17.6804
16.2793
16.1859
16.5878
17.2525
18.1728
17.5434
19.7742
15.6826
16.6016
15.7841
19.1189
16.8562
16.5339
16.423
17.4039
15.7984
17.5039
16.465
16.8172
16.8299
16.1899
16.7617
17.5919
15.6274
17.297
16.0392
18.7422
16.2636
16.1691
18.0774
14.4537
18.5799
19.0455
18.2695
17.4318
16.688
16.9551
17.0702
15.5286
17.1368
16.5205
15.7146
16.9325
16.4562
16.5462
16.1219
16.8475
17.7812
16.2604
14.4004
18.1431
16.7506
15.0952
17.888
16.582
16.3375
17.0051
18.1102
18.6645
17.7061
17.2869
15.162
17.0496
17.6307
16.6818
16.3224
16.3376
15.3123
15.7065
17.382
16.6489
15.2677
15.9756
17.4396
14.984
15.8199
17.1756
13.0247
18.2467
16.3223
15.581
15.0356
15.0854
16.2691
17.0003
15.583
15.7526
16.028
17.1621
13.7279
16.6628
16.6776
15.8881
15.0184
14.6554
15.9571
14.9547
13.5178
14.8656
16.4052
14.7208
16.4047
17.6178
16.2197
17.3281
18.9021
16.151
15.2177
13.9772
14.7178
16.2484
17.0752
14.4009
16.4042
17.6427
17.6149
15.3461
15.634
14.4034
15.2056
14.4329
18.5761
16.2831
14.0468
15.9607
16.3952
15.8991
15.1065
13.9449
16.0294
14.4077
14.985
14.3735
15.8477
17.3251
19.0786
15.5773
16.7353
14.0355
13.6171
13.4867
15.0084
15.7895
16.7143
14.7732
15.5205
15.6518
15.1362
17.3259
15.5872
15.7835
14.7352
14.4312
14.497
14.0836
15.0704
15.9316
14.2515
14.9312
14.2464
13.8811
15.343
15.6397
16.0659
12.8262
12.6999
15.2669
15.4619
14.6338
14.3441
15.9515
14.4552
16.4729
16.1695
14.683
16.0572
14.8558
13.6723
15.0953
13.3999
15.867
15.1866
15.8164
15.1102
15.2693
14.7237
12.4662
15.1925
15.9066
14.9766
17.9096
15.9655
14.76
16.3212
13.8891
14.0948
14.0353
14.8661
14.0061
15.195
16.6113
16.1213
16.8317
14.1348
15.0353
13.9995
15.0249
13.762
12.3719
14.5591
13.6155
14.554
15.2158
14.8926
14.8646
14.407
14.7814
14.7163
14.8595
15.3407
15.0046
13.3819
15.3729
14.2364
12.972
16.0384
13.3073
14.1763
11.4171
14.7448
14.3492
14.0932
13.8732
12.755
14.7791
14.6654
13.784
14.4392
14.5462
15.9207
13.2919
14.2049
15.4579
14.3107
14.6814
13.2943
15.7189
14.8165
13.5445
13.7887
14.705
14.5874
14.5464
13.1668
12.6415
14.7017
13.0343
15.7076
13.6929
13.8439
14.4595
16.0386
13.2365
14.4982
13.0389
13.7704
14.0773
13.4666
12.3235
14.5905
15.7639
14.7868
14.779
12.3666
14.1901
13.4201
12.1012
17.6281
13.9752
13.9501
12.9988
15.0822
13.7813
12.6255
13.275
14.6773
13.4215
12.9437
14.6846
14.5806
16.3013
15.6693
15.2413
14.8614
11.6892
13.7027
13.2829
14.5543
14.9055
15.4067
13.6457
12.0504
13.3191
13.7672
14.3717
15.3087
12.9638
13.9956
14.669
15.2252
13.4943
14.4107
13.0219
12.4241
11.0328
14.6185
12.7413
14.549
14.0293
13.7563
11.648
13.2815
13.4255
12.9319
13.0207
13.2463
13.8606
11.8541
12.3484
13.9177
14.2765
14.1316
11.8486
13.4301
13.9114
10.8756
14.5603
12.9162
14.8527
13.0394
16.257
14.5539
12.1443
13.2434
15.2412
13.0703
15.8029
13.8454
14.4441
12.8729
12.4157
12.6384
13.685
13.8475
13.6035
12.3774
15.3079
13.3917
14.5905
15.3052
11.9099
13.7371
12.6462
13.703
13.0207
13.9772
12.0855
11.9888
13.3987
13.4596
12.7466
14.6523
14.4843
13.854
13.1024
14.9678
13.7062
13.6027
14.2132
12.6796
13.8779
14.268
12.4116
13.9906
11.387
13.9587
13.4053
11.1018
12.3804
11.8026
13.1684
12.6914
12.1098
14.8488
13.8111
13.256
11.718
12.2177
12.4686
13.663
16.0419
12.1809
12.8641
14.053
13.4207
12.659
13.9041
12.0195
12.4121
10.2374
11.2851
12.9434
11.8152
13.5722
13.4601
12.9448
14.6654
15.6875
12.5294
14.254
12.8573
11.5131
11.9078
14.1888
13.4091
13.4383
14.3403
12.7269
12.0756
14.5291
13.2173
13.0292
12.8091
15.1657
14.2159
13.1567
12.6112
14.3601
11.394
13.655
11.2827
13.6807
12.9098
12.1428
13.6302
11.058
15.566
14.3963
12.9906
13.6499
11.7998
11.9781
11.6806
12.3184
13.9437
14.0339
11.3137
12.4304
13.1628
12.0443
13.7739
13.7653
13.3269
11.5055
14.3234
13.4822
12.6464
9.48811
10.9121
12.0816
12.1771
12.5036
11.2538
13.0513
13.9739
12.6976
10.3883
12.8656
11.5275
11.3908
12.1919
13.0366
13.5778
11.6504
13.1303
13.9847
12.5213
13.5074
10.6788
13.0493
12.64
11.7492
13.1552
10.8488
14.8782
11.516
12.9376
12.6635
12.1921
13.4598
14.1632
12.5656
12.8013
13.8025
13.7875
13.9994
13.5795
11.6019
11.3196
12.6351
11.0581
13.6294
12.2664
12.2385
13.1406
11.6216
11.9307
13.7868
11.7821
12.0208
10.0736
11.8232
11.3253
12.7025
13.7975
12.6066
12.4461
12.7712
12.5538
13.4745
13.3215
13.6685
10.3298
12.9329
12.156
11.6734
13.4411
12.7315
12.8454
10.8705
10.6407
12.3536
10.8021
11.7118
12.1945
11.4909
11.8029
12.3768
11.001
12.6765
11.6772
13.5516
12.6628
12.2134
11.2854
11.2867
11.9298
10.6979
12.0208
11.8312
12.3472
10.6972
12.2665
13.5779
12.3868
9.82358
10.5926
13.3265
11.4467
12.2662
12.1517
11.9307
13.5866
15.9167
12.2582
12.8407
12.1897
11.4255
11.0098
12.3995
11.6544
12.8454
11.8954
12.8836
12.2734
12.2256
12.5865
12.8731
10.3969
15.686
14.1713
12.0169
12.0081
11.9111
12.5952
12.4247
11.5752
13.8923
10.8422
12.0339
12.0312
11.5894
13.6983
13.9509
13.1683
13.223
10.9993
11.947
10.8433
12.829
12.4055
13.3898
11.4255
12.3281
12.187
11.6337
12.7319
13.1347
11.9593
13.3524
11.691
12.0724
12.3785
9.64771
11.8844
11.0695
10.7236
11.5227
10.4465
12.8698
12.0466
11.3856
10.2563
11.3504
11.5441
10.6174
11.3815
10.924
11.2742
11.3658
12.0003
12.5316
10.9562
13.4341
10.6612
10.4416
11.8463
9.94841
13.5662
10.8569
14.1257
12.431
13.4608
12.5475
11.7941
11.7758
14.0915
11.8919
14.5099
13.1075
11.5226
12.509
11.6812
12.3574
9.78782
11.0465
12.3591
11.8563
10.8885
11.8955
10.9722
11.2046
10.816
12.1138
10.9567
12.9699
9.40884
11.1576
11.4194
10.7186
12.5016
11.9067
11.6133
10.9252
10.9303
12.9864
11.0733
13.392
12.137
10.8573
11.654
12.3376
11.3316
11.6541
10.9888
11.4681
11.8818
11.5321
10.8575
10.2582
11.2047
10.1277
11.1734
11.9175
10.3918
11.3115
10.858
11.7358
12.7062
10.9272
10.9644
11.6032
11.7718
10.0992
10.0457
12.9246
10.4251
11.5843
12.8054
12.7536
11.0333
9.80283
9.36255
12.0878
10.8982
10.6275
10.6095
11.8233
12.5422
13.6579
10.6263
12.7423
13.1279
9.60196
9.72124
11.1062
11.334
11.4185
13.0826
11.2209
12.6706
11.0751
11.4102
12.3906
10.7898
14.5434
14.097
12.1616
11.6361
12.5761
11.6308
13.0751
10.1306
11.6314
10.1881
12.9714
11.9748
11.1547
13.6445
13.8049
10.9511
12.232
10.2198
10.9174
10.8782
11.2564
11.7498
13.1277
10.4749
9.94969
10.6162
12.2189
12.7566
13.0507
11.7679
12.733
11.8801
11.4311
11.8591
9.75244
10.4495
11.4295
12.6721
10.3673
10.3238
11.4438
13.3198
10.7041
9.68596
10.7887
10.751
11.8095
11.3035
10.6534
10.2269
9.75375
11.2059
11.8749
10.9397
13.9097
11.1909
10.2868
10.7128
10.4714
12.0874
10.3615
13.1943
10.9949
11.056
10.7496
10.6762
12.4842
11.9986
11.9762
11.7865
12.1365
12.0455
11.5181
12.136
10.3796
10.0329
11.4047
11.6256
11.9879
12.6356
11.6199
11.5331
11.3742
9.90889
12.4684
9.60327
10.7824
9.1309
10.4647
10.4263
12.1107
11.6039
11.7337
12.2367
11.9671
11.4075
11.336
10.5212
12.9481
11.5855
10.4444
10.7226
11.549
11.1298
12.1296
12.1429
10.7119
11.2246
12.3067
10.9173
11.21
12.0157
10.2661
11.3434
10.0424
11.0666
11.7468
11.8857
12.8313
10.5251
10.0491
11.0257
10.141
12.964
9.52002
11.7246
11.0136
9.92672
11.1088
11.7705
11.1902
11.8365
9.98589
7.73317
11.1983
9.9022
11.8024
11.4115
11.2849
11.4692
13.039
10.7743
13.3364
11.6816
8.84308
10.7389
10.0887
9.36739
9.64329
9.90854
12.4433
11.6232
11.1626
10.1336
12.3682
10.2761
12.9392
12.9222
11.6669
10.7615
10.7011
11.6174
12.351
10.1086
12.1928
9.36518
11.2433
10.638
11.103
13.0022
13.1112
10.5753
11.39
8.71333
11.21
10.6997
12.7923
12.7158
11.4841
9.58802
9.09324
9.65514
11.0814
11.6729
14.008
10.3857
10.9702
12.8192
12.6475
9.796
9.298
10.0547
11.1878
10.7241
10.7145
8.81123
13.3213
12.6567
11.0933
9.38091
11.1762
8.4177
10.8998
11.802
11.4978
10.6694
11.1045
11.0621
10.7706
11.6731
12.8569
9.31325
9.91732
9.92474
9.90106
11.6691
10.6123
13.4847
11.1732
10.9772
10.7678
9.01885
12.5513
13.4077
10.8759
13.9609
11.0983
9.61139
10.4914
10.2028
10.3782
9.4714
9.48333
10.8244
11.2306
10.9111
10.6495
10.4936
10.5558
9.61092
11.8232
9.86829
10.6872
9.05663
9.40958
10.3153
10.5172
11.4647
11.6941
9.97592
11.1729
10.2658
11.018
10.4069
11.7908
9.9657
11.349
10.6132
11.0579
11.3289
11.6699
10.2607
9.36601
9.4032
10.6363
10.3184
10.9018
10.5736
7.96514
10.5249
9.95772
11.1816
11.1535
9.76456
10.9301
11.2864
10.0592
8.60354
10.4844
11.7349
8.63774
10.511
11.5356
9.89886
10.8101
10.2724
9.40574
11.8559
8.39195
8.23907
10.4551
9.37273
10.0316
10.3013
11.1461
12.1167
13.6631
10.6178
11.9092
11.1532
8.62992
10.1855
9.128
9.74501
9.77097
10.7383
11.1864
11.8268
11.091
11.457
11.0602
9.7446
14.163
12.5816
9.65651
9.54345
10.9977
11.0038
11.7864
10.2112
9.56466
9.32689
11.9507
11.6127
9.37666
11.6097
13.296
9.67171
10.1956
10.2875
8.96753
9.27472
11.3299
11.2404
10.8451
9.25126
10.1229
10.5052
11.3115
11.1126
13.0924
10.8674
11.6943
11.3597
11.102
10.0433
8.44649
10.1235
10.6245
9.92719
10.628
10.3247
11.1008
12.4572
10.2118
7.91061
9.54765
10.3266
10.7055
11.0395
10.113
10.2881
10.0929
10.2024
9.82427
9.15936
12.6474
9.61901
10.2049
10.8731
9.0276
11.5217
8.94746
12.6651
10.6041
11.2012
11.2653
9.75612
11.789
11.9273
10.7574
12.0698
8.16263
10.2654
9.7893
10.6281
9.35631
9.2896
10.2656
10.9813
9.94518
11.5406
12.6738
11.3129
10.7018
9.64668
12.0054
9.64557
11.1298
8.61232
10.4547
10.4698
9.31488
11.2578
10.5408
10.4644
10.3847
10.6444
12.6225
10.2086
10.7163
9.10956
10.9238
10.7488
10.6781
11.2815
10.8905
9.96086
10.0523
9.48439
10.9112
9.00876
10.5901
9.20385
8.63219
9.99357
9.65012
11.3242
10.0461
9.43521
11.947
10.1568
11.163
10.1124
9.42016
10.9419
9.17701
9.46488
11.1565
10.2324
10.4902
8.76135
11.0779
11.1247
8.02271
8.40694
9.09472
10.3157
8.87968
9.8047
10.5365
10.3196
11.7879
10.218
12.1486
10.0673
8.60382
8.80421
9.35708
9.40988
8.86653
10.9407
10.1609
11.1339
10.6312
9.71536
10.8067
8.44967
13.0834
12.6744
9.25178
9.82054
11.1481
10.354
10.9143
9.23983
9.87255
9.19311
10.3217
11.3801
9.85738
12.1868
11.0571
10.6328
10.1337
8.75849
9.943
9.48304
11.7873
11.132
11.5433
9.54317
9.08552
9.66837
11.4022
11.3465
10.6342
10.2754
10.9365
10.9581
9.8103
8.71908
9.45827
10.2161
11.0265
10.314
9.65191
9.0725
10.2382
11.4083
10.505
8.47591
9.18528
9.4417
9.66353
9.84853
11.119
10.1375
9.66654
9.65274
9.13465
12.1399
12.0854
9.07921
10.6505
10.4506
9.37541
10.1553
9.63433
11.072
10.644
10.6252
9.38484
8.74303
11.4646
12.4424
10.5606
11.553
10.3237
10.463
9.22872
10.8247
8.57308
8.28498
9.65084
10.7236
9.50181
11.0813
10.6709
9.96713
9.50873
10.9007
10.5511
11.025
9.91297
9.67995
9.74911
8.9965
10.4299
11.5736
10.8685
10.2746
9.82821
10.837
12.4929
9.88264
10.7261
9.60903
9.3859
10.1082
9.45629
9.96039
11.6064
9.48724
8.79132
8.19356
11.2736
9.27337
10.769
9.90594
7.56744
8.54308
11.1227
9.52484
9.83073
8.03934
10.9745
9.52583
9.00273
10.14
9.20416
12.1191
7.68954
9.58014
10.7007
9.78037
9.47378
11.2137
9.36191
9.87558
8.03568
7.33455
10.0746
8.85141
9.73124
10.7509
9.27284
10.1869
11.796
9.94363
11.0579
8.9071
9.4775
9.11845
10.1908
10.2198
8.86834
9.00854
9.65933
11.1208
10.568
8.88045
10.4817
9.30599
12.0444
11.3662
9.50935
8.61383
10.1689
8.95623
10.2407
8.98648
10.5083
8.36277
11.1713
11.2365
10.0603
11.085
12.1731
10.2875
10.4771
9.17049
9.42288
8.87733
11.0014
9.54397
10.3633
8.52446
8.81168
9.40504
10.298
9.96117
11.1681
9.72708
10.0785
9.97987
10.3504
8.75367
7.50598
9.88615
10.4465
10.3846
8.79511
8.09215
10.7199
10.7482
10.6653
7.38356
9.84084
9.13587
8.60075
9.4024
9.60294
9.16038
9.49039
9.77885
9.89295
9.82082
10.7994
8.57851
9.92293
9.79609
7.54144
10.8648
8.12157
11.4256
9.40739
10.1639
9.71004
8.42641
11.1168
10.6482
9.93947
10.997
9.52369
10.6166
10.2398
9.26223
9.13132
7.23719
9.95062
10.0557
9.78463
12.4838
10.0334
10.9624
8.86972
9.45349
11.2647
9.45731
10.0118
9.2645
8.23519
9.75912
10.2145
9.77206
10.3395
10.0706
10.181
9.32539
11.576
9.02501
9.75971
11.5026
7.99429
10.1751
9.14371
9.49624
10.3712
9.25891
8.11461
7.92534
11.4927
10.5956
9.0253
9.80296
7.04144
8.74147
9.53091
8.91496
10.4384
8.47103
10.8676
9.84019
9.24295
10.5142
8.27322
10.7104
8.43543
9.3698
8.37036
10.3817
10.5398
11.4181
10.0439
9.8426
7.60142
7.4374
9.8934
9.42471
8.85037
9.32695
8.96041
10.3256
11.1442
9.74065
10.9659
9.03342
8.88094
9.44792
8.1274
8.97875
8.98046
9.69511
10.3145
10.3943
10.1604
9.94593
9.77068
9.39133
12.3444
10.9759
9.26652
9.4425
10.666
9.18118
9.45475
9.24467
10.4684
8.5246
9.60334
9.96863
9.67675
11.5005
10.9479
9.90912
10.6027
9.04593
9.41354
8.89804
10.401
9.56457
10.5773
8.2101
9.0001
10.3805
9.57952
10.3295
10.4827
9.40686
10.1399
10.2371
9.59046
7.771
8.57143
9.48928
10.3544
9.16895
8.52465
6.84816
9.82277
10.4718
10.9968
7.47753
8.96391
8.47657
8.65428
8.67047
9.92574
9.23925
9.17356
8.43465
9.4096
10.0247
10.9472
8.89137
9.374
9.7985
8.25032
10.7521
9.28297
10.6142
10.0767
10.4631
8.34998
9.50037
9.90453
11.5862
10.5596
10.1459
9.60812
10.3708
9.21535
9.60661
9.53229
7.05143
8.53659
8.74399
9.8966
10.6909
10.561
9.8199
9.07966
9.8362
10.885
8.34174
9.67484
8.04004
8.82547
8.36873
8.86902
10.1558
10.3912
10.2482
8.7431
8.32318
10.1846
8.26389
9.60857
9.81943
8.38781
8.82547
8.29908
10.0251
10.1853
8.3626
8.6442
8.74425
10.3937
9.97065
8.85855
8.95477
7.06133
8.98679
8.99596
8.603
10.1283
8.40148
9.54443
10.0576
8.66573
9.66919
8.27254
9.28264
7.55461
7.53009
10.5648
9.4228
9.61626
9.84521
9.84909
10.3924
7.60696
7.51
8.55729
8.69066
8.734
9.05483
8.889
10.452
9.31837
9.76893
10.2554
8.96091
8.35093
8.58353
9.00035
9.42832
8.74504
9.46518
9.21029
9.94572
9.20748
9.06866
10.8079
8.29663
11.7523
10.9769
8.688
8.66496
9.53037
9.29022
8.69385
9.24342
9.8319
9.33487
9.13455
9.41663
8.44716
10.0395
10.579
9.00829
9.49216
7.9518
8.25722
8.45823
10.2253
9.109
10.7624
8.38951
7.85355
8.71106
10.0476
9.02307
10.1363
9.88738
10.451
9.24507
9.92121
8.6017
7.29591
8.63671
9.45452
10.05
9.49437
8.40398
10.4982
9.7826
10.7656
7.41896
8.04551
8.21006
7.3821
9.48312
9.72493
9.61619
8.0583
7.93261
9.35347
10.3506
9.4414
8.35052
7.62061
9.11333
7.06678
8.89965
8.34112
11.2969
8.94474
9.55261
9.16302
10.1117
9.90062
9.68691
9.26784
10.263
8.96581
8.20109
8.70905
9.38085
9.57577
7.04071
8.96715
9.93284
9.46266
10.7604
9.55726
9.01957
8.7992
7.97306
10.3881
9.08712
9.38858
7.80257
8.7577
8.67004
9.84289
9.70947
9.30878
10.8181
9.32219
8.99396
10.7422
8.12689
9.14359
9.09465
8.27522
9.07301
9.91338
10.571
9.92642
8.72584
8.29242
9.07183
9.89036
8.42335
9.76308
8.57445
5.93054
7.50546
8.6862
8.78167
9.41061
7.75117
10.0326
8.09966
7.91802
9.55786
8.49782
9.27572
8.32993
7.63673
9.8762
9.19351
8.66105
10.622
9.18749
9.36334
7.32586
6.40229
8.32303
9.38212
9.20634
9.58239
7.46731
9.82585
9.90318
8.43871
10.365
8.88136
8.30464
8.40715
7.74242
9.82994
9.52988
8.66543
8.32376
10.1268
9.46574
8.40602
10.2049
8.77767
9.91959
10.4238
9.18398
8.63403
9.62584
9.19937
9.71838
8.29607
8.70803
7.72158
9.2631
9.14501
9.14565
9.94905
9.90735
8.45989
