14.3483
19.9308
16.504
18.0313
20.2217
11.0334
15.9742
14.1158
15.7855
17.3915
18.6255
19.1761
25.2193
14.6977
15.5151
9.51552
15.6696
13.9853
14.5108
20.4056
14.5504
8.41693
21.5384
15.5551
11.4304
15.1446
14.6266
13.9153
16.491
20.1752
7.94738
21.9062
20.028
19.2514
9.96203
14.405
19.2582
21.9171
6.91441
17.7206
7.1155
17.194
7.81732
17.7594
13.4763
11.788
12.1139
13.3774
13.0122
16.7496
19.4138
12.4791
8.20105
8.53296
11.4492
16.8636
21.3953
11.3127
16.2407
15.3938
13.566
12.1054
17.0137
13.3487
21.974
10.2349
9.63914
13.3092
16.9298
16.0918
14.606
4.81181
15.1864
5.55957
12.904
14.5158
18.1141
13.7703
13.6186
14.2395
10.2015
8.66534
8.87902
16.5656
7.39498
13.3678
18.3279
11.189
4.23892
22.9388
7.91494
4.2498
18.4464
12.1274
16.6501
8.8691
16.2473
17.0135
11.409
7.74755
12.9596
13.9672
15.3917
15.2077
5.28686
11.844
5.54072
11.8875
8.76141
5.83518
4.09426
8.63179
7.80809
3.63274
11.5105
8.15474
7.15081
8.48843
13.2894
5.2485
6.10773
6.16026
2.73862
6.13176
4.66415
5.49776
8.75213
12.3013
6.6538
14.5118
6.41651
9.48688
3.41371
4.6687
13.3297
4.28463
7.30889
11.5271
6.05469
8.96425
4.83418
9.55904
14.6252
3.81726
4.28403
7.67112
6.74923
10.2877
9.32773
11.8168
13.5876
15.2966
11.9786
7.10679
5.92016
7.90269
11.4723
8.94363
5.99504
9.19064
9.80093
14.693
5.20201
11.4935
5.85378
6.78842
13.9556
13.8818
7.15037
12.1845
5.20253
6.11504
2.65747
8.00713
7.81434
8.40127
9.85321
9.05217
8.90688
3.93789
8.82981
5.94987
7.698
8.13431
4.04112
1.98265
5.15892
12.0304
5.61938
3.55836
5.20731
11.8973
7.71398
5.22541
5.39218
4.51719
8.43846
9.41494
8.02842
8.45469
13.6248
8.19886
3.69955
4.49062
0.0905962
2.02686
2.8226
10.566
3.64296
5.0821
3.92429
8.47626
7.36751
10.5777
6.9656
0.141919
9.23847
4.92472
3.51784
8.59704
9.91919
7.71781
7.31085
2.951
5.46937
9.03611
9.8218
3.7544
5.57357
6.27743
5.16165
7.65327
5.16542
9.84862
1.27225
4.56921
6.27536
1.40781
10.3888
2.61027
3.92741
7.03684
6.87205
10.3823
6.5944
4.8775
6.15453
6.93546
3.77987
5.60579
3.82558
6.01216
1.39946
9.87195
1.89841
3.6254
6.75574
3.73047
9.3075
2.97898
1.91706
3.19108
2.32488
6.28522
2.30967
1.16655
3.93379
6.97056
2.98774
6.69102
6.33142
2.78379
4.76624
3.7195
7.582
7.16151
4.32577
2.06027
5.36867
4.33783
6.34026
5.19106
3.90857
4.09433
4.74052
2.74805
5.49116
6.31937
1.18494
1.23809
2.68232
3.99694
0.779383
0.296441
4.01985
3.04356
3.9584
5.33453
3.38534
1.35806
10.8626
5.97032
6.1676
3.97359
5.4154
0.0675235
10.9727
4.15127
1.83845
2.09363
4.56123
0.000588176
2.70022
2.88784
1.93868
2.43065
3.10476
0.891849
1.86532
1.40363
0.00572235
1.07504
7.58342
5.27123
2.00841
5.78933
5.68675
5.44393
4.60257
1.04124
1.37457
4.26577
3.75213
2.93541
4.68635
1.59775
0.00202035
5.67034
5.17959
0.520848
1.56099
1.38782
0.000235292
5.13034
8.75804
3.43383
2.3878
4.42536
4.92414
1.63367
6.38916
8.01833
8.83217
8.34402
0.822342
0.0404946
2.8937
8.47451
8.31823
8.29572
6.98255
3.76275
7.22005
4.69341
0.344086
1.88398
4.19693
2.0061
1.49275
3.41131
2.43747
4.12253
0.396706
2.3799
3.13893
4.32549
2.96559
2.72887
0.71886
0.955978
2.11217
0.000764537
0.898795
0.112344
0.771181
0.106388
7.35399
0.876862
2.65911
0.888355
3.11962
3.07458
0.88281
2.89462
0.0217915
0.148666
0.0162631
6.20241
0.774007
1.45133
4.74851
1.06205
3.30074
6.10815
1.59431
1.75011
1.09881
4.08534
2.66972
2.70532
5.75874
1.90875
6.35149
4.54117
0.0551232
1.64972
1.66347
1.49051
0.874648
3.208
2.45677
1.89602
0.111135
3.20917
1.5131
5.748
3.01599
1.61748
2.0612
0.933734
1.96116
1.2646
0.913286
0.836631
1.20448
4.02906
0.334028
0.784559
1.75841
3.5595
0.00107687
0.0589179
0.559122
4.83903
1.53982
1.53148
1.06114
2.76289
2.27378
1.57661
5.41337
1.42245
4.00061
4.47905
2.70713
2.47094
0.414198
1.74395
1.99612
0.254503
2.37527
1.21115e-05
0.00516308
1.57114
0.898982
2.9405
2.88834
0.18293
4.45104
0.0526162
0.156544
2.6868
2.82884
0.105511
1.06776
9.72074
3.50636
0.0240201
0.582059
0.810491
1.2799
7.88771
0.282894
2.54385
0.77694
4.02789
0.672182
3.38339
3.29042
0.601167
4.14779
3.80541
0.782094
5.33318
1.53007
0.870153
1.14651
2.67169
6.24263
3.66184
3.13469
5.37864
1.946
0.00172269
1.05247
2.0479
0.236056
2.65508
2.38977
2.43645
1.30459
0.000941108
3.75142
2.02116
0.783266
1.75761
0.741719
1.57567
1.41984
0.0157772
2.75949
2.4531
1.55084
0.976058
3.05253
3.03516
0.110476
2.94796
1.43514
4.11693
3.75473
0.894879
4.77126
0.274509
1.24337
1.32852
0.219848
2.42654
2.38533
1.54686
2.55492
0.927733
0.00662042
5.38745
0.000412041
1.35771
0.407039
2.73291
0.00148967
0.823124
1.59371
0.0235895
0.00176809
0.337004
0.851137
0.633958
2.16972
2.54887
0.0108103
2.59148
0.0601939
0.37012
6.70289
0.00024065
0.529215
0.0391904
1.3777
1.1902
0.0587273
0.283002
1.31831
4.1439
2.0472
0.000271254
1.55753
16.4168
0.17784
0.233409
0.305585
0.0580284
4.06602
0.00172518
0.877746
1.29696
0.547893
1.33654
0.00348094
3.42494
0.433992
2.58471
1.21909
0.0196595
4.29153e-07
0.00337354
0.560838
2.43981
0.830876
0.624773
3.64036e-05
1.65049
5.40382
0.872257
1.01977
1.80956
2.10651
3.35461
0.234622
2.34704
0.000620842
2.39945
1.33404
0.0332857
1.62165
0.0142812
0.238997
6.25965
0.00112769
0.00274311
0.521386
3.91824
0.00190405
0.0406126
4.49757
1.26309
0.0171974
4.21309
0.0560714
0.00169178
2.13947
0.0930511
1.71661e-06
1.17805
1.16194
4.76837e-08
0.0278015
2.21111
0.014119
0.532031
0.0397288
6.59123e-05
0.0072405
1.45894
0.188232
0.34953
0.0989044
0.0274969
3.02996
0.2748
0.00652807
0.000168002
5.89136
0.45298
0.733889
0.000349985
2.57491e-06
0.000153787
3.21679
0.387027
2.05903
0.928111
1.62931
7.40891e-05
0.0383949
0.0216548
1.62923
0.00102825
0.505888
0.518893
0.078318
6.596e-05
1.86173
0.000163209
1.42147
9.82274e-06
0.0956552
5.73055
0.00274527
1.21741
1.64789
2.17838
0.00760661
0.595982
0.00748048
0.435812
0.71032
0.00138929
0.00995904
1.15313
0.584376
3.80174
0.229171
2.40742
0.108731
5.11107e-05
0.000329803
0.0167464
0.188174
2.2926
0.102005
6.80105e-05
2.57173
0.185513
0.012941
0.0116862
0.000939073
0.0128705
0.0142973
2.29539
0.00114004
0.0525899
3.33786e-07
0.00291967
2.35184
0.0323762
0.000392673
3.05175e-06
0.000144718
7.15256e-08
0.742784
0.957261
0.0131799
2.38794
0.546344
0.0760337
0.000812167
4.14466
0.00350538
2.85007
0.0102262
2.65345e-05
4.05311e-07
0.940829
0.00731005
0.000434525
0.528078
1.16227
0.0108214
1.5693
0.0980009
0.93475
0.284879
0.000987923
1.93587e-05
0.0159486
0.224574
0.283227
2.5985
0.529734
0.78876
0.000418465
1.86892
0.0197233
0.340246
0.0160149
6.31799e-06
0.000903261
0.109995
8.15378e-06
1.98689
0.00569888
1.52281
2.4565
3.8862e-06
0.000933336
0.000136384
0.00110117
0.0541656
0.380313
0.232482
0.0227416
6.86549e-05
0.132788
0.00607094
0.428853
7.27164e-06
5.48314
0.728599
1.65447
0.0726808
0.00139556
0.00530837
0.888778
9.99917e-05
0.838445
0.144021
0.698222
3.023e-05
0.194371
0.831456
0.000235422
0.144444
0.0286435
5.29286e-06
4.50607e-06
5.29285e-06
0.567372
1.82148e-05
0.591735
1.18968e-05
1.86465
2.72653
1.17994
0.0222057
1.11141
0.0
0.0236396
0.00018797
5.6028e-06
4.76835e-06
0.000356435
0.0607205
0.0710305
0.0314321
0.00673231
0.00243086
0.965001
0.0928896
8.348e-05
0.0986053
0.0104305
2.14804e-05
0.00106965
0.750356
0.0715335
0.00526513
8.16095
0.259661
4.69679e-06
0.741557
1.09672e-06
0.634508
2.19515
5.29459e-05
0.000974407
0.0129056
0.0015772
0.0245439
0.604463
1.71896e-05
1.49828
8.51212e-05
0.120351
0.00415966
0.0109302
0.0134967
0.00036609
0.000529575
6.62793e-06
0.000231466
0.796108
0.978758
1.72454
0.372753
0.0267087
0.28041
3.90975e-05
0.912325
2.53744
0.363887
0.000804532
1.64888
0.052958
0.00170619
0.000380978
1.86021
7.86769e-06
0.872463
0.00928173
0.00188514
1.12629
0.12977
0.531119
3.54525
0.000772674
1.01187
5.28059
0.100751
0.00346032
0.0734056
0.0067791
0.00129787
0.171303
0.0171854
0.803224
0.000480729
1.8856
4.43456e-06
0.0939338
1.64656
0.0365598
0.165322
1.05011
0.0
0.0608235
0.000177162
0.00060947
0.511543
0.00197486
0.163191
0.077999
0.26139
1.76693
0.313612
0.0653832
0.00439726
0.68338
0.7815
0.00447817
1.40666e-06
1.1248
4.76837e-08
0.00962045
0.000528544
0.000286259
0.000152506
0.668419
2.38419e-08
6.74714e-06
2.51759e-05
0.0031072
0.00622384
2.28305
0.00736361
1.27193
0.00472654
4.24296
0.0527081
0.194429
0.152529
0.00460112
2.05039e-06
0.00415899
0.000739649
0.000318265
0.00563163
6.10282e-05
0.0185242
0.0991982
0.00101084
6.33666e-05
0.00167399
3.09944e-07
0.00724721
0.183151
0.000127578
0.742754
0.000471141
1.93118e-06
0.000197171
0.0332155
3.6516
0.067129
0.0195214
9.53674e-08
0.436344
1.43181
0.171459
9.051e-05
0.00195522
0.0146318
3.15885e-05
9.465e-06
0.0107793
0.00346665
5.1639e-05
5.67383e-05
1.19209e-07
8.82148e-07
2.76565e-06
0.00935989
0.299877
1.15391e-05
0.0192309
3.46082
1.66893e-06
3.34415
3.46303
0.913155
1.58066e-05
0.0128478
2.38419e-08
8.05456e-05
4.76837e-07
0.00291563
0.165069
0.00222984
1.66893e-06
0.461394
0.000174232
0.0536249
0.969205
9.53674e-08
0.824969
6.1217e-05
0.00288192
0.0103024
1.3349
0.000252873
0.00053803
0.0140637
1.55829
2.04447
2.55337e-05
0.0039762
0.752625
0.000674017
0.0312237
0.0211728
0.0928071
0.0810206
0.000160964
0.130711
0.689839
0.000474273
0.15171
0.0331552
1.09124
0.0101123
8.23666e-05
0.000163464
1.18254e-05
0.508564
0.00130406
6.92248e-05
1.43051e-07
1.13628
3.65841
0.056261
0.199552
2.38419e-08
0.000831835
0.867537
0.00034391
0.267893
0.178432
1.41786
2.00977e-05
4.71088e-05
0.00078066
8.22528e-06
0.0206418
5.72197e-06
0.00250718
0.000213475
0.000777297
0.0153268
1.32402
0.00157101
0.0124718
0.108552
2.04231
0.064636
0.00153681
0.00650051
0.000311754
0.0230703
0.0
0.0547291
0.00655046
1.43051e-07
0.00251165
4.95849e-05
0.00074496
1.64264e-05
0.0011489
0.0214871
3.04677e-05
2.55369
0.429261
0.000171449
0.0288661
0.148141
1.78655
0.00138459
0.00305874
0.49251
0.832439
3.91216e-05
0.000110262
5.18973e-05
4.52995e-07
9.20284e-06
0.133418
4.49384e-05
0.513158
0.298094
0.000683312
0.0436117
8.15226e-05
0.000602581
1.6191
0.0329237
0.0582761
0.137728
0.0375315
0.243123
0.00114183
0.000543428
0.901461
0.0617253
0.69938
3.91005e-06
0.228939
0.000454896
8.10622e-07
2.89666e-05
4.93475e-05
0.0307726
0.00688775
0.0371613
1.34794
2.38419e-08
0.0348696
0.0
0.427769
2.06563
1.18252e-05
0.189293
0.0725949
4.3483e-05
0.508189
0.00121214
0.000104358
2.07657e-05
0.000574906
4.18995
0.000722421
0.533273
2.95856e-05
0.000238114
0.26055
0.000171243
0.0
5.72204e-07
0.0288141
0.00222549
9.53674e-08
0.000100349
4.22434e-05
1.19209e-07
0.000135237
0.151523
0.000165037
2.08835
4.11242e-05
0.000141102
0.000602256
2.50338e-06
1.31128e-05
0.965108
1.7652
0.00119003
7.55774e-06
2.21729e-06
2.24112e-06
0.0418137
2.19344e-06
0.234292
9.62979e-05
0.0312369
2.56697
3.1494e-05
0.000192666
0.929715
0.00103737
0.000869014
0.0135094
0.485361
4.50085e-05
0.00125607
0.289142
0.000884654
7.85928e-05
2.95637e-06
0.0609689
2.51713
7.15256e-08
4.47955e-05
7.15256e-08
7.15255e-07
5.6028e-06
0.00772089
0.000310919
0.000104664
0.00876602
5.19748e-06
0.0568373
4.2915e-06
3.26632e-06
0.0219599
7.29555e-06
3.52856e-06
9.2983e-07
0.000190735
0.518321
7.53394e-06
6.79487e-06
1.00136e-06
3.68561e-05
0.879244
0.045033
0.876362
0.00111796
0.000659903
0.000185809
0.0010228
2.74165e-05
5.74585e-06
3.12326e-06
0.00840135
0.0245318
1.74753e-05
0.326779
4.83987e-06
8.96447e-06
0.0165866
0.000231354
0.0143079
0.395144
0.025672
0.000327311
0.000184833
0.00079184
3.05629e-05
0.0010962
3.13671
0.634768
0.000879633
0.000212323
5.82402e-05
0.0
0.000279483
0.00392815
9.53674e-08
7.03268e-05
3.33783e-06
0.00144276
0.000418231
0.672333
2.78948e-06
4.21998e-06
0.865317
0.000728782
0.00039995
9.44125e-06
0.00868777
6.48183e-05
0.0315034
5.36436e-06
0.0262208
0.03241
0.000112354
0.000199583
0.00508968
0.000139307
0.000143703
0.000772199
5.43588e-06
2.72977e-05
8.82147e-07
8.86909e-06
0.99922
6.68907e-05
0.000169431
0.543021
0.797608
3.88823e-05
1.90735e-07
0.282191
0.0353056
0.220226
1.80238e-05
7.2371e-05
0.22148
3.59027e-05
2.87523
0.00176194
0.00357699
0.465644
7.4516e-05
3.28759e-05
0.00123811
3.76189e-05
0.000149983
0.726228
0.0227469
4.74159e-05
0.014328
9.72725e-06
0.000130754
0.000697226
0.0324813
1.26121e-05
0.0684444
1.41855e-05
0.708925
0.000337016
0.733548
0.000870407
0.00299158
0.00115995
0.0160021
0.242604
6.49839e-05
0.000822877
0.00026428
0.000113837
3.57628e-07
3.44962e-05
0.000501149
0.141482
0.000176185
0.00128044
2.05029e-05
4.33918e-06
5.1021e-06
0.000491422
1.4543e-05
0.162657
4.17229e-06
7.41106e-05
0.750284
0.00138677
1.50203e-06
2.76564e-06
1.2989
0.000214019
1.111e-05
1.41854e-05
0.0063296
0.940403
0.000101281
5.55508e-06
0.00343232
1.43051e-07
6.60409e-06
1.74045e-06
0.00964911
9.77514e-07
0.000263042
0.00142399
0.00124962
0.0
0.706929
3.77619e-05
2.14577e-07
0.562958
0.635881
6.67571e-07
0.17715
0.259604
0.208558
1.18424
2.78216e-05
1.12532e-05
0.000193575
0.000118333
0.775355
0.00741549
0.00898245
2.02794
0.000758976
0.268275
0.0
0.000519849
1.09432e-05
0.387355
3.09944e-07
2.38419e-08
7.74234e-05
0.000729497
0.000178758
1.33748e-05
0.00255414
4.00752e-05
0.00409148
0.010665
0.0061707
0.0110906
0.208265
0.000137158
1.0538e-05
0.486331
2.30715
0.0017974
0.00029381
0.00999138
6.79485e-06
0.00601717
8.34463e-07
0.0688341
2.07423e-06
0.030561
0.138908
0.000524787
0.113943
0.00013976
0.000178511
0.137436
1.76423e-05
0.95116
0.0325985
0.00862395
0.00160473
3.64778e-06
0.134456
0.000397241
0.0908443
6.62793e-06
0.000769982
9.29831e-07
0.00135866
0.250964
0.000995523
6.41726e-05
0.000128827
0.00057536
4.4107e-06
5.17364e-06
2.4575
0.803154
0.0505166
0.00713826
3.124
4.26765e-06
2.69644
0.00580275
0.000238634
9.13132e-06
0.183914
3.97415e-05
0.560641
9.05989e-07
4.4107e-06
0.0346509
1.06838
0.0398425
8.52654e-05
1.08269
0.000625102
0.00125814
1.18492e-05
0.0786761
0.00055087
0.000279276
0.00210966
0.00315416
0.616163
3.92883e-05
0.00147426
4.05607
0.00129291
0.00244764
1.80955e-05
1.62124e-06
9.53672e-07
0.288712
1.01437
1.23735e-05
0.853135
0.0
0.000101552
6.77101e-06
8.10609e-06
2.60099e-05
1.15153e-05
0.37921
0.189316
0.00594538
0.000163822
5.96199e-05
0.82802
7.15256e-08
0.00141736
0.128668
0.594069
0.12163
7.13222e-05
0.0270487
0.000101976
0.000403868
3.57626e-06
0.00165976
1.87627e-05
0.23105
1.56053
0.107544
0.106548
0.0
0.0169653
0.145916
0.000479898
3.00405e-06
0.000313456
0.0924787
0.000149194
4.21005e-05
0.00859132
0.00152932
4.00503e-05
3.04649
0.395489
0.00012139
0.245626
1.21593e-06
1.00909
0.00300645
8.84514e-06
1.5974e-06
0.155783
2.96098e-05
0.424706
0.321321
2.38419e-08
0.00176
0.0030082
9.53672e-07
7.93922e-06
0.0153896
0.0580662
1.61168e-05
0.317564
0.0237656
7.15256e-08
0.258996
2.35616
0.00225008
6.17171e-05
0.0004271
0.017909
0.000187562
5.00678e-07
0.0312812
0.00916355
0.0153014
0.00386171
2.7737
6.67571e-07
0.000210984
0.000107798
4.57505e-05
1.04663e-05
0.0222785
0.00295575
0.00035212
8.84515e-06
0.00164351
0.0260268
9.02223e-05
0.0115392
1.50433
1.02407
0.355162
0.0444639
0.0
0.0161025
0.000343817
0.00342493
0.925356
0.000547318
1.04046
0.00371853
0.367271
1.28746e-06
2.59875e-06
0.0264954
0.107801
2.63791
2.09108
1.71153
0.251167
0.00269189
0.000165418
0.00133402
0.103183
4.11893
0.00801591
0.0551086
0.0618272
0.123983
0.18998
0.96126
0.239161
0.00096447
6.7223e-05
3.69753e-05
0.0235941
0.0322247
2.86101e-06
0.0384342
0.0131568
0.0
0.508452
0.253217
3.93387e-06
0.904735
0.00151562
7.62938e-07
2.61766e-05
1.95503e-06
0.672902
1.3749
0.0517107
1.69035e-05
2.14576e-06
0.201602
0.00034408
0.61346
0.00770119
0.00220417
0.778432
8.60674e-06
0.00645884
7.67701e-06
0.188882
0.00199778
0.000907014
0.394549
0.00981578
0.0436909
0.793932
1.38282e-06
1.45668e-05
6.43878e-05
1.8292
0.0032438
0.00102758
0.081849
0.223633
0.838785
1.23251
5.45972e-06
0.229849
0.461365
0.0258917
1.19209e-06
0.0128265
1.97887e-06
1.03233e-05
0.531623
0.000365484
0.00170747
1.91426
0.00238148
5.65044e-06
0.688214
6.91413e-07
0.00378683
0.000125471
0.0743458
0.0216068
0.0388353
0.00238899
0.00294782
2.14577e-07
8.84523e-06
1.46386e-05
0.0751749
0.000133518
4.76837e-08
0.000250997
0.368406
8.98826e-06
0.0
0.16282
0.10486
2.02655e-06
0.177015
0.0138443
3.57628e-07
3.99313e-05
5.41138e-05
0.164346
0.0121706
0.00272417
0.0302618
0.122842
0.000476868
0.0385903
1.28746e-06
4.76837e-08
6.07959e-06
0.00112197
8.22529e-06
0.000302249
0.000800662
1.53539e-05
0.948295
3.62393e-06
0.142116
0.398302
2.38419e-08
0.000119249
2.13853e-05
0.142827
4.72067e-06
1.12532e-05
9.45215e-05
0.000453663
0.00534322
0.0127023
0.0076782
0.00449747
0.932046
9.17701e-05
1.43051e-07
2.67729e-05
1.04904e-06
1.43051e-06
0.0264016
0.00135302
0.439643
1.19209e-07
0.468224
3.72153e-05
3.0279e-06
0.00107858
0.000734216
0.000355052
5.128e-05
0.598027
4.76837e-07
0.00171547
0.398178
0.00201073
1.08567
2.61992
5.1232e-05
0.00186813
0.00765876
0.000762232
4.76837e-08
2.93254e-06
0.000855025
8.7981e-05
0.052053
5.10189e-05
0.491928
4.01695e-05
4.8396e-05
1.50203e-06
3.30423e-05
4.77049e-05
0.000804832
0.000337345
3.41667
0.240809
0.731972
0.000342269
0.000224143
1.94351
0.013085
1.78814e-06
1.36612e-05
0.000330989
1.1809
0.000497204
1.30794
0.0495472
0.000570814
6.29564e-05
0.563487
0.00118908
0.0790386
8.91666e-06
0.00128256
0.414961
0.00872743
5.55511e-06
5.96046e-07
0.829838
0.336417
0.0020868
0.00228736
0.455687
1.0052
0.169589
0.0592695
3.81469e-07
1.65049
0.0864298
2.24578e-05
1.69747e-05
0.0590459
1.1456
0.000364639
0.197759
7.81149e-05
0.091359
0.0330603
0.00104063
7.43854e-06
0.00165531
0.000188399
1.19209e-07
0.425165
0.498872
0.743807
0.0416649
0.0332809
4.84834
0.203235
5.50742e-06
0.0
0.509146
0.122306
0.199356
2.5034
0.000286498
6.04313e-05
1.131
0.00126401
0.176815
0.754978
3.1208e-05
0.000116731
0.695643
1.89059e-05
0.0155006
0.0344911
0.0143204
0.234319
0.0003068
9.76829e-05
0.414028
0.22095
0.000474015
0.000859398
0.000733949
0.971276
0.0272811
8.90065e-05
1.7895
5.8412e-06
0.00852182
2.64027
0.248799
0.000789441
0.0137813
0.732538
0.00953591
0.000382402
0.367666
0.000467113
0.00904322
1.80419
0.117249
1.12292e-05
0.132457
0.29376
2.87194
6.19888e-07
0.000383601
5.00675e-06
1.63107
0.00173909
0.00244997
0.178973
5.29287e-06
0.018047
0.034651
0.328333
1.97887e-06
0.000598771
0.000873187
5.48359e-06
0.0357758
0.195653
9.4174e-06
1.54972e-06
0.031446
3.76699e-06
2.05506e-05
1.08069
0.0120276
0.353258
9.01203e-06
1.28407
0.00874838
0.163731
0.224195
0.403528
0.000216248
0.0181087
0.00100536
0.032647
1.50533
0.0177884
0.0203125
1.38804
0.0162239
0.350203
0.00118669
6.05733e-05
0.00161683
0.0445987
1.31365e-05
1.82382e-05
1.23259e-05
0.00857788
0.127867
0.0043594
0.000427307
2.77747e-05
3.0929
0.00218378
6.26229e-05
0.000726753
1.21593e-06
1.98835e-05
0.0471046
6.9845e-05
0.00328736
0.305664
0.949185
0.000635314
6.10784e-05
0.209187
0.0639876
0.00101762
0.000128742
0.00736262
0.00807549
1.64039
0.354474
0.702042
0.000194395
2.11109
5.17363e-06
0.000510574
8.05012e-05
7.15256e-08
1.95502e-06
2.38417e-06
0.000995141
3.20313
1.9497
1.43051e-07
1.16345e-05
5.87141e-05
0.00315165
4.07693e-06
1.87627e-05
2.6725e-05
1.90735e-07
0.00023297
7.27521e-05
0.0660638
1.59019e-05
1.90735e-07
2.37664
0.462233
0.0047632
6.72329e-06
0.00621159
0.000171207
0.0148869
6.67571e-07
7.62925e-06
0.0258014
3.58311e-05
5.72204e-07
0.153603
0.000102603
0.0238771
2.6226e-07
0.00351303
7.81998e-06
4.57759e-06
1.48691
7.36187e-05
0.148711
0.188787
0.307222
3.57628e-07
0.11949
0.249329
8.10622e-07
0.028273
0.000174707
0.0110357
0.00501982
0.675415
0.000339405
0.000282437
7.15256e-08
0.000558324
0.00019648
0.79415
0.00466742
0.00665754
0.087501
0.000731104
2.24112e-06
6.91413e-07
9.29831e-07
0.000549047
0.227186
1.19209e-07
1.14915e-05
0.128086
8.27299e-06
0.000586302
1.111e-05
6.46104e-06
5.2452e-07
0.00205382
4.05311e-07
4.52995e-07
1.91446e-05
1.23259e-05
0.0443005
0.000504246
0.00150338
0.00762183
5.48362e-07
0.00232218
3.36169e-06
4.76837e-08
1.71661e-06
2.38419e-08
3.8147e-07
7.10128e-05
0.0341457
0.000142334
0.00309901
8.44558e-05
0.557836
0.352958
0.0
0.214082
1.66893e-07
5.72204e-07
0.00518651
0.000214933
0.871
1.85483e-05
9.32953e-05
0.0588878
0.000130039
2.74401e-05
0.00174993
3.44962e-05
0.0
0.0948189
0.00024554
0.000656689
4.06229e-05
0.00171251
0.00727616
0.00162258
0.099866
4.76837e-08
0.0118142
4.21997e-06
2.38419e-08
0.000171373
9.34579e-06
0.0023255
1.90735e-07
0.00202605
1.30649e-05
2.14577e-07
1.90734e-06
9.05988e-07
2.15318
4.76837e-07
1.38282e-06
0.556955
1.3159
1.59976e-05
0.0433083
0.0060607
3.52114e-05
2.02885e-05
3.80232
2.38419e-08
3.8147e-07
1.79522e-05
0.0013721
0.506471
0.431503
0.0142619
3.13503e-05
0.0036599
4.91136e-06
0.000170992
0.00201342
0.0137813
4.05311e-07
0.690557
0.0140968
2.38419e-08
4.29153e-07
0.756257
0.071065
8.11889e-05
0.000221242
6.51501e-05
2.69412e-06
0.000265995
3.05175e-06
0.860328
0.000608047
0.00109778
4.6654e-05
0.529958
3.96227e-05
1.47814e-05
0.000173984
5.00679e-07
1.5974e-06
0.630509
0.00544558
1.09909e-05
0.000184374
2.12183e-05
4.07694e-06
9.05989e-07
0.0917421
0.663138
2.15996e-05
0.196109
7.15256e-08
4.93002e-05
0.156276
1.56876e-05
0.000190521
1.01769
0.0
0.000146981
0.706705
0.000244135
2.69633e-05
0.0296383
0.000326278
0.000278425
0.0196465
0.0149874
0.000748829
6.19879e-06
0.073305
0.00257031
5.80703e-05
1.95503e-06
3.0279e-06
0.000142905
0.000260432
0.0229843
0.000737498
1.56331
1.03234e-05
0.000240658
2.46068
9.9896e-06
8.58305e-07
0.00066399
0.370095
1.36848e-05
0.0192913
0.000744784
1.90735e-07
0.472328
0.000488741
0.00829402
0.00272404
3.20317
0.000280025
0.000173398
4.69636e-05
8.58296e-06
4.02924e-06
0.00868297
0.00103679
1.07288e-06
0.0875477
0.406017
0.392917
0.0823041
4.95849e-05
3.45677e-05
0.00230525
0.0705863
0.00011029
0.000115424
0.913462
6.30995e-05
3.8385e-06
1.28824
0.000337421
0.317209
0.0099192
0.000430245
3.09944e-07
0.000158819
5.96046e-07
6.67571e-07
0.000114881
0.00070234
3.69546e-06
1.97883e-05
0.0363186
5.87615e-05
0.0887708
0.000104308
0.0
3.90732e-05
0.815358
9.53674e-08
6.89018e-06
2.88485e-06
5.48362e-07
0.000196816
0.00212555
2.46033e-05
5.15662e-05
0.00809877
9.53674e-08
9.53674e-08
3.09944e-07
5.62664e-06
6.8425e-06
0.109275
0.0
2.38418e-07
0.115386
0.13371
2.05745e-05
1.43051e-06
