402.148131371
370.066443443
338.562647343
316.702180862
210.493639946
206.14407897
228.194575787
177.44417727
151.344450243
150.982073069
112.366155863
93.3652510345
89.2416112315
86.190825721
108.898121271
46.0608534023
65.8108679689
46.2259655849
47.1137603066
69.5813754238
45.4427910388
44.6909386205
30.4407463045
39.1146476379
39.3140361934
17.1100151961
21.4715745466
23.4300670377
12.2711366483
16.9873223756
9.58738663392
14.7381451111
7.23188678208
15.0809141738
17.9905228484
12.1528781658
9.26130472368
5.74577668153
9.59824118035
11.5758601213
7.20388152259
9.27034049011
7.1767517705
5.40840888664
5.65192833669
8.22219943578
6.42389794912
4.01071606217
1.73853400515
5.38404437057
3.13836289806
5.65955609387
1.31945374233
4.34496796502
5.13296113756
3.54255853933
7.91687539949
6.3770783159
7.74901497353
3.01718188079
6.2802529221
5.27556870898
12.2186084174
7.53469849315
6.97281165006
6.32781703494
1.14765463253
1.83201927683
2.8948576448
8.65224111407
7.19147329617
6.24396361665
11.8590661132
9.39063481936
6.42470643621
5.84349878387
6.81920337141
8.03740928459
5.20356595121
2.21157299257
0.221402160517
2.17015462704
4.19332604098
6.30795672396
2.97977435048
2.04698823226
8.11230332946
3.57263105785
1.06046500571
